0	0	0	0	0	0	0	0	0	0	0	0	0	0	0	0	0	0	0	0	0	0	0	0	0
0	0	0	0	0	0	0	0	0	0	45.3	0	0	-52.4	0	0	0	0	0	0	0	0	0	110	-51.7
0	0	0	0	0	58.6	-103	0	0	0	0	0	0	0	0	0	0	0	0	0	0	0	0	0	0
0	0	0	0	-96.7	0	0	36.8	0	0	0	0	0	0	0	0	0	0	0	0	0	0	0	0	0
19.2	0	0	0	110	0	0	14.5	0	0	0	0	-89.9	0	0	0	0	0	0	0	0	0	0	0	0
0	0	0	0	0	0	0	0	132	0	0	0	0	0	0	0	0	43.1	0	0	0	0	0	0	-75.2
0	0	0	0	0	0	0	0	0	0	0	0	0	0	0	0	0	0	-28.2	0	0	0	0	0	93.2
0	0	0	-66.6	0	0	0	0	0	0	0	0	0	-104	0	0	0	-17.2	-104	0	0	-24.7	0	0	0
0	0	0	0	-46.3	0	0	0	0	110	0	0	0	0	0	0	0	0	0	0	0	0	0	0	0
0	0	0	1.36	0	0	0	-37.8	0	0	0	0	0	0	86.3	0	123	0	0	0	0	0	0	0	0
0	-126	0	0	0	0	0	0	0	0	0	0	0	-47.2	0	0	0	0	0	0	0	0	0	0	0
0	0	0	0	0	0	0	0	0	0	0	0	0	0	0	0	0	0	0	0	0	0	0	0	0
0	0	0	-125	0	0	30.8	-81.8	0	0	0	0	0	0	0	0	0	0	0	119	0	0	0	0	0
0	0	0	0	11.3	0	0	-122	0	0	0	0	0	0	0	0	0	0	0	0	0	0	0	0	0
0	0	13	-92.2	0	0	0	0	0	0	0	0	13	0	0	0	0	0	0	0	0	0	0	0	0
0	0	0	0	0	0	0	0	-71.5	19.5	0	0	0	0	0	0	0	0	0	0	-17.6	0	0	0	0
0	0	0	0	0	0	0	0	0	0	0	0	0	99.9	0	0	0	0	0	0	0	0	0	0	0
0	-84.5	0	0	0	0	0	0	0	0	0	0	0	66.2	73	0	0	0	0	0	0	0	-14.1	0	0
0	0	0	0	0	0	0	0	0	0	-26.2	0	0	0	1.55	0	0	0	0	40.7	0	0	0	0	0
0	0	0	0	0	0	0	0	0	0	0	0	0	27.5	0	0	0	0	0	0	0	0	0	0	0
0	106	0	0	0	0	0	0	0	0	-32.7	0	0	0	0	0	0	0	0	-95.1	0	104	0	0	0
0	0	0	0	0	106	0	0	125	0	0	56.7	0	0	0	0	0	0	0	-46.9	0	0	0	0	0
0	0	0	0	0	0	0	0	-49.6	0	0	0	0	0	55.7	0	15.3	0	0	0	0	0	0	0	0
0	0	0	0	0	0	0	0	-76.9	0	102	0	0	0	0	0	0	0	0	0	0	0	0	0	0
0	0	0	0	0	0	0	0	0	0	0	0	0	0	0	0	0	0	8.37	0	0	0	0	0	0
0	0	0	0	0	0	0	0	0	0	0	0	0	0	0	0	0	0	0	0	0	0	0	0	0
0	0	0	0	0	0	0	0	0	0	0	-31.9	0	0	0	0	0	0	-67.7	0	118	0	74.6	0	0
0	0	0	0	0	0	0	0	0	0	0	0	0	0	0	0	0	-85.8	-113	0	0	0	0	0	0
0	0	0	94.6	0	0	0	0	0	0	-29.6	0	0	0	0	0	0	0	0	0	0	0	0	0	0
0	0	0	0	0	0	0	0	-23.6	0	0	0	0	0	0	0	0	0	0	0	0	0	0	0	0
94	0	0	132	0	0	90.1	0	0	0	-21.2	0	0	0	0	0	0	0	0	0	0	0	0	0	0
0	-77.2	0	-33.9	0	0	0	0	0	10.4	0	0	0	0	0	0	0	0	0	0	0	0	0	-48.1	0
0	-18.3	0	0	-75.7	0	0	0	114	0	0	0	0	0	0	0	0	0	-123	0	0	0	0	0	0
0	0	0	0	0	0	0	0	0	0	0	0	0	0	0	0	0	-98.6	0	0	0	0	0	0	0
0	0	0	0	0	0	0	0	0	0	-126	0	0	0	0	0	0	0	0	0	0	0	0	0	0
0	0	0	0	0	0	0	0	62.5	35.7	0	0	0	0	0	0	0	0	0	0	0	-118	0	0	112
0	0	0	0	0	0	0	0	0	0	0	0	0	0	0	0	0	0	0	115	0	0	0	63.8	0
0	0	0	0	0	90.2	52.2	0	0	0	0	0	0	0	-53.9	0	0	0	0	0	0	0	0	0	0
0	0	0	-107	0	0	0	0	0	0	0	0	0	0	0	-132	94.7	-17	0	-9.2	0	0	0	0	26.3
0	0	0	0	0	0	0	-72.4	0	0	25.8	-4.67	0	0	0	0	0	0	0	0	0	0	0	0	0
0	0	0	0	0	0	0	0	0	0	0	0	-103	0	0	0	0	0	0	0	0	0	12.8	0	0
0	0	0	0	0	0	0	0	105	0	0	0	0	125	0	0	0	0	0	0	0	0	0	0	0
0	-13.2	0	0	0	0	0	0	0	0	0	0	0	0	0	0	0	0	0	0	0	0	0	0	0
0	0	0	0	0	0	0	67.2	0	0	0	0	0	0	0	0	-114	0	0	0	0	0	0	0	58.9
0	0	0	0	0	0	0	0	12.1	0	0	0	0	0	0	0	0	0	0	0	0	0	0	0	0
0	0	0	0	0	0	0	0	0	0	0	0	0	-6.98	0	0	11.2	0	0	0	0	0	0	94.3	0
0	0	0	0	0	0	0	0	0	0	0	0	0	0	0	1.89	-101	0	0	0	0	0	0	0	98.5
0	0	0	0	0	0	27.7	0	0	0	0	0	0	0	0	0	0	0	0	0	0	9.19	0	0	0
0	0	0	0	0	0	-44.6	0	0	0	0	0	0	0	0	0	0	0	41.8	0	0	0	0	0	0
0	0	28.2	0	0	0	0	0	0	0	-20.2	0	0	0	0	0	0	0	0	0	0	0	0	0	0
0	0	0	99.1	0	0	0	-53.2	0	0	123	0	0	0	0	0	0	0	0	0	0	0	0	0	0
0	0	0	0	0	0	0	0	0	0	0	0	0	0	0	41.9	0	121	0	0	-48.4	0	0	0	0
0	0	0	0	0	0	0	0	0	0	0	0	0	0	-92.4	0	0	0	0	0	27.2	0	0	0	0
0	0	0	0	0	0	0	0	0	0	-62.6	0	0	0	0	123	0	-60.4	-72.8	0	-99.7	0	0	0	52.5
0	0	0	0	0	0	0	0	0	0	0	0	0	0	0	0	0	0	0	0	0	0	0	0	-79.6
0	0	0	0	0	0	0	0	0	0	0	0	0	0	0	0	0	0	0	0	0	0	0	0	0
0	0	0	0	-49.1	0	0	0	20.9	0	-38.3	0	-53.4	0	0	0	0	0	0	0	0	0	0	0	0
0	0	0	0	71.5	0	0	0	0	0	0	0	0	0	0	0	0	0	35.9	0	0	-56.6	0	0	0
0	0	0	0	0	0	0	0	0	-4.75	0	0	0	0	0	0	0	0	0	0	0	0	0	0	0
0	0	0	0	0	0	0	0	14.6	0	0	0	0	0	0	0	0	0	0	0	0	0	0	0	0
0	0	0	0	0	0	0	0	0	0	0	0	0	0	0	0	0	0	0	0	0	0	0	0	0
0	0	0	0	0	-100	0	0	0	0	0	0	0	0	-79.2	0	0	0	0	0	0	0	0	0	0
0	84.3	0	-121	0	0	0	0	0	0	0	0	0	0	0	0	67.5	0	0	0	0	0	0	0	0
0	0	0	0	0	0	0	0	0	0	0	0	0	0	0	0	0	0	0	0	0	-1.77	0	0	0
0	0	0	0	0	0	0	0	0	0	0	0	0	0	0	0	0	0	0	0	0	0	-94.1	-69.1	87.5
-73.1	124	-54.1	0	-94.5	0	0	0	0	0	0	0	0	0	0	0	0	0	0	0	0	96.2	0	0	0
-84.7	0	0	0	0	0	0	0	0	0	0	0	0	0	0	0	0	0	0	0	0	0	0	0	0
0	0	0	0	0	0	0	0	0	0	0	0	0	0	0	0	0	0	0	0	0	0	0	0	0
0	0	0	0	0	0	0	0	0	0	0	0	0	0	0	0	0	0	0	0	0	0	0	0	0
0	0	0	0	0	0	0	0	0	0	0	0	0	0	0	0	0	0	0	0	79.2	0	0	0	0
0	0	0	0	0	0	0	0	0	0	0	0	0	0	0	0	0	0	0	0	0	0	105	0	0
0	0	0	0	0	0	0	0	0	0	0	0	0	0	0	0	0	0	0	0	0	0	0	0	0
0	0	0	0	0	0	0	0	0	-45.7	0	0	0	0	0	0	0	0	0	0	0	0	0	0	0
0	0	40.8	0	-28.6	0	0	0	0	0	94.4	0	0	0	0	0	-5.34	0	0	108	0	0	0	16.3	40
0	0	0	0	0	0	0	0	0	0	0	0	6.54	0	0	0	0	39.5	0	0	0	0	0	0	0
0	0	0	0	0	0	0	0	0	0	0	0	0	0	0	0	0	0	0	0	88.1	0	0	0	0
0	0	0	0	-31.4	57.5	0	0	0	0	0	0	0	0	0	0	0	0	0	-120	0	0	0	0	0
0	0	0	0	0	-19.2	0	0	0	0	0	0	0	0	0	0	0	0	0	0	0	0	0	0	-36.2
0	-81.1	0	0	0	0	0	0	0	0	0	-37.9	0	0	0	0	0	0	0	0	0	0	0	129	0
0	0	0	0	0	84	0	0	0	0	0	0	-129	0	0	0	0	0	128	0	0	0	0	0	-3.3
0	0	0	0	0	0	0	73.8	0	0	0	92.6	0	0	0	-97.8	0	0	0	0	0	0	0	0	0
0	0	0	0	20.4	-10.3	0	0	0	0	0	0	0	0	0	0	0	0	0	-12.6	111	0	0	0	0
0	0	0	0	0	0	-123	0	0	0	0	51.4	14.8	0	-115	0	0	0	0	0	0	0	0	51.6	0
0	0	0	0	0	0	0	0	0	0	0	0	0	-67	0	0	0	0	0	0	0	6.5	0	0	0
0	0	0	0	0	-41.2	0	0	0	0	0	0	0	85.6	0	0	0	0	0	0	0	0	0	0	0
0	104	0	-48.8	0	0	0	0	0	0	0	0	0	0	0	0	0	0	0	0	0	0	0	0	0
0	0	0	0	0	0	4.18	0	0	0	0	0	0	0	0	60.7	0	0	0	0	-70.6	51.5	0	0	0
0	0	0	0	0	0	0	0	0	0	0	0	0	0	0	0	0	0	57.6	0	0	0	0	0	0
0	0	0	0	0	0	0	0	0	0	0	0	0	102	0	0	0	0	0	0	-44.2	0	-68.5	0	0
0	0	0	0	0	0	0	0	0	0	0	0	0	0	0	0	0	0	0	0	0	0	0	0	0
0	0	0	110	0	0	0	0	0	0	0	0	0	0	0	0	0	0	0	0	0	0	0	0	0
0	0	0	0	0	0	0	0	0	0	49.6	0	0	0	0	0	0	0	0	0	0	0	0	0	0
0	0	0	0	-27.5	0	-74	0	131	0	0	0	0	0	0	0	0	0	0	0	0	0	0	0	0
0	0	0	0	0	0	0	0	0	0	83.4	0	0	0	0	0	0	0	0	0	0	0	0	0	0
0	0	0	0	0	0	-52.9	0	0	38.9	0	0	0	0	0	0	51.6	0	0	0	0	0	0	0	0
0	0	0	0	0	0	0	0	111	0	0	0	0	0	-87.5	0	0	0	0	0	0	0	0	0	0
0	0	0	0	-84.7	0	0	0	0	0	0	64.5	0	0	0	0	4.27	0	0	0	0	0	0	0	0
0	0	0	0	0	0	0	0	0	0	86.7	0	0	0	0	0	0	0	0	0	42.1	0	0	-13.1	0
108	0	0	0	0	0	0	0	0	0	-22.3	0	-68.3	0	0	0	0	0	0	0	0	0	0	0	0
0	-93	0	0	0	0	0	0	0	48.1	0	0	0	0	0	-59.1	0	0	0	0	0	-35.5	0	0	0
0	0	0	0	0	0	0	0	0	0	0	74.4	0	0	0	18.2	0	0	0	0	0	0	0	0	0
0	0	0	0	0	0	0	0	0	-124	0	0	0	0	0	0	0	0	77.2	0	0	0	0	0	0
0	0	0	0	-22.5	0	0	-132	0	0	0	0	0	0	0	0	66.2	0	0	0	0	0	0	0	0
0	0	0	0	0	-16.2	0	0	0	0	0	0	0	0	0	0	0	0	0	85.8	0	0	0	0	0
0	0	0	0	0	-4.64	0	0	0	0	0	0	0	0	0	0	0	0	0	0	-45.7	0	0	0	0
0	0	0	0	0	0	0	0	0	0	0	0	0	0	0	0	0	0	0	0	0	0	0	0	0
0	0	0	0	0	0	0	0	0	0	0	0	0	-81.7	0	0	0	0	0	0	0	0	0	-117	0
0	0	0	0	0	0	0	-24.3	76.4	-67.9	0	0	0	0	-125	0	0	0	0	0	0	0	0	0	0
0	0	-47.2	0	0	0	0	0	0	0	0	0	0	0	0	0	0	0	0	0	0	0	0	0	0
0	0	0	0	0	0	0	0	0	0	0	-112	-132	0	0	0	-7.53	0	0	0	0	0	0	0	0
0	0	0	0	0	0	0	0	0	0	0	0	0	0	0	0	0	0	0	0	0	0	0	0	0
0	-6.85	0	0	0	0	0	0	0	0	0	0	0	0	0	0	0	0	0	0	0	0	0	0	0
0	0	0	0	0	0	0	0	0	105	0	0	0	0	0	0	109	-67.1	0	4.25	0	0	30.1	0	0
0	0	0	0	0	0	0	0	0	115	0	0	4.57	0	0	0	0	0	0	0	0	0	0	82.7	0
0	0	0	0	0	0	0	-72.9	0	-48.3	0	0	0	0	0	0	0	0	0	-62.4	0.0791	0	0	-58.5	0
0	-34	108	0	0	0	0	0	0	0	0	0	0	0	0	0	0	0	0	0	0	0	0	0	0
0	0	0	0	0	0	0	0	-61.5	0	0	0	0	0	0	0	119	0	0	0	0	0	12.9	0	-98.2
0	-95.5	118	0	0	0	0	0	0	0	0	0	0	0	0	0	-76	-99.3	0	0	0	0	0	0	0
27.3	0	0	0	0	0	-7.48	0	0	0	0	0	0	0	0	0	0	0	56.6	0	0	0	0	0	16.5
0	0	0	0	0	0	0	0	0	0	0	0	-91.2	0	0	0	0	0	0	-101	0	82.7	0	0	0
0	0	0	0	0	-18.4	0	0	0	0	0	0	0	0	0	0	0	0	0	0	0	0	0	0	-26.6
0	0	0	0	0	0	0	0	0	0	0	0	0	-11.7	0	0	0	0	0	0	0	0	0	0	0
0	0	0	0	0	0	127	0	0	0	0	0	0	0	0	0	0	0	126	0	0	0	-79.8	0	97.2
0	0	0	0	0	0	0	0	0	0	0	0	0	0	0	0	0	0	0	0	0	0	0	-116	0
0	0	56.3	8.74	0	0	0	0	0	0	0	0	0	0	0	0	0	0	0	0	-32.3	0	0	0	0
0	0	0	0	0	0	0	0	0	0	0	0	0	0	-109	0	0	0	0	0	0	0	0	0	0
0	0	0	0	0	0	0	0	0	-75	0	0	0	0	0	0	0	0	0	0	0	0	0	0	0
0	0	116	0	0	0	0	0	0	0	0	0	0	0	0	0	0	0	0	0	0	0	0	0	0
0	0	0	0	0	0	0	0	0	0	0	0	0	0	0	0	0	0	99.6	0	0	0	0	0	0
0	0	0	128	-65.9	0	0	7.35	0	0	0	0	0	0	0	0	103	0	0	-103	-113	0	122	0	0
26.5	0	0	0	0	0	91	0	0	0	0	0	0	0	0	0	0	0	0	0	0	0	26.3	0	0
0	0	0	11.9	0	0	0	53.4	0	0	0	0	0	0	0	0	0	0	0	20.4	0	0	0	0	0
0	0	48	0	0	-100	0	61.3	0	0	0	-19.8	0	0	0	0	0	0	0	0	47.6	0	0	0	0
0	0	0	0	0	0	0	58.4	39.1	111	0	0	0	0	-35.1	0	0	0	0	0	0	-40.3	0	0	0
0	119	0	0	0	0	0	0	0	0	0	0	0	0	0	0	0	0	77.5	0	0	0	-56.9	0	0
0	0	0	0	0	0	0	0	0	-94.4	0	0	0	0	0	0	0	0	0	0	0	0	0	96.5	0
0	0	0	0	0	-67.4	0	0	0	0	0	0	0	0	0	0	0	0	0	0	0	0	0	0	0
0	0	0	0	-11.8	0	0	0	0	0	0	0	0	0	0	0	0	0	0	0	0	0	0	0	0
0	0	0	0	0	0	0	0	0	0	0	0	0	0	22.2	0	0	0	0	0	-118	0	0	28.7	0
0	0	0	0	0	85.6	0	0	0	0	0	0	0	0	0	0	0	0	0	0	0	0	0	0	0
0	0	0	0	0	0	0	0	0	0	0	0	0	0	0	0	0	0	-129	13.3	0	0	0	0	0
0	0	0	0	0	0	0	0	0	0	112	0	0	0	0	0	0	0	0	0	106	-101	0	0	0
0	0	0	0	0	-10.5	0	0	0	0	0	0	0	0	0	0	0	0	0	0	0	0	0	0	0
0	0	0	0	0	0	0	0	0	0	0	0	0	0	0	0	0	0	0	-128	0	0	0	0	0
112	0	0	0	0	0	0	0	0	0	0	0	-124	0	0	0	0	0	0	0	0	0	-21.9	0	0
0	0	107	0	0	0	0	0	0	0	0	0	-31.3	0	0	0	0	0	0	0	0	0	0	0	0
0	0	0	0	0	0	0	0	0	0	99.7	0	0	0	0	0	0	-3.81	0	0	0	0	0	0	0
-103	-4.05	0	0	0	0	104	0	0	0	0	0	0	0	0	0	86.9	0	0	0	0	0	0	0	0
0	0	0	0	0	0	0	0	37.7	0	0	0	0	0	13.4	0	0	0	0	0	0	0	0	0	0
0	0	0	0	0	0	0	0	0	0	0	0	0	0	0	0	0	0	0	0	0	0	0	0	0
0	0	0	0	0	0	0	0	0	0	0	-105	0	128	0	0	0	0	26.4	0	0	-48	-0.998	99.1	0
0	0	0	0	-67.3	0	0	0	0	0	0	0	0	0	0	0	0	0	51.8	0	0	0	0	0	0
0	0	0	74.1	0	0	0	0	0	75.1	0	0	0	0	0	0	0	0	0	0	0	-27.1	0	0	0
0	0	0	0	0	0	0	0	0	0	-4.14	0	0	0	0	0	0	0	0	0	0	0	0	0	0
0	0	0	0	0	95.1	0	0	0	0	0	0	0	76.4	0	0	0	0	0	0	0	0	0	0	0
0	0	0	0	0	0	0	0	0	0	70.3	0	0	0	110	0	0	0	0	-47.4	0	0	0	0	0
0	0	0	0	0	0	0	0	0	0	0	0	22.6	0	0	0	0	0	0	0	0	0	0	0	0
0	0	0	0	0	0	0	0	0	0	0	0	0	0	0	0	0	0	0	0	0	0	58	0	0
0	0	0	0	0	0	0	0	0	0	0	0	0	0	0	0	0	-98.3	0	0	0	0	0	0	0
0	0	0	0	0	0	0	0	0	0	0	0	0	0	0	0	0	0	0	0	0	0	0	0	0
0	0	0	0	0	0	0	0	0	0	0	0	0	0	0	-14.8	0	0	0	-13.3	125	0	0	0	0
0	0	-97.5	0	0	0	0	0	-17.6	0	0	0	0	0	0	-25.3	0	0	-127	0	0	0	0	0	0
0	0	0	0	0	0	0	0	0	-81.4	0	0	0	0	0	0	0	-71.2	0	0	0	0	-40.9	0	0
0	0	0	0	0	0	0	0	0	-75.6	-7.83	0	0	0	0	0	0	0	0	0	0	0	44.5	0	0
0	0	0	0	-73.2	0	0	0	0	-62.2	0	0	0	0	0	0	0	79.2	0	0	0	0	19	0	0
0	0	0	0	0	0	0	0	0	0	0	0	-83	0	0	0	0	0	0	0	0	0	0	0	0
0	0	-46.8	0	0	0	0	0	0	0	0	0	0	0	0	0	0	0	0	0	0	0	0	0	0
0	0	0	0	0	0	0	0	46.5	0	0	0	0	47.5	0	0	0	0	0	0	0	0	0	0	0
109	0	0	0	0	0	0	0	0	0	0	0	0	77	0	0	0	0	0	0	0	0	0	-92.1	0
0	0	0	0	0	0	0	0	0	125	0	0	0	0	0	0	-50.1	0	0	0	0	0	0	0	0
0	0	0	-14.9	24.4	0	0	0	0	0	43.7	0	0	0	16.4	0	0	0	0	0	116	0	0	0	0
0	0	0	0	0	0	0	0	0	0	0	0	0	0	0	0	0	0	0	0	131	0	2.87	0	0
86.7	120	0	40.5	0	0	0	0	0	0	0	0	0	0	0	0	0	0	0	0	0	0	0	0	0
0	0	0	0	0	132	0	0	0	0	0	0	0	0	0	0	0	0	0	0	0	0	-47.1	-76.3	0
0	0	0	0	0	0	0	0	0	0	0	0	0	0	0	0	0	-103	0	0	0	0	47.7	0	0
0	0	0	0	0	0	0	0	70.8	0	0	0	0	0	0	0	0	0	0	0	0	0	0	0	0
0	0	0	0	0	0	0	0	0	0	0	0	0	0	0	0	0	0	0	0	0	0	0	0	0
0	0	0	0	0	0	-48.9	0	0	0	0	0	0	0	0	0	0	0	0	0	0	0	0	-115	0
4.28	-68.2	0	0	0	0	0	0	0	0	0	0	0	0	0	0	0	0	0	0	0	0	0	-116	99.5
0	0	0	0	0	0	0	0	0	0	0	0	0	0	0	0	0	0	0	0	0	0	0	0	0
47.5	0	0	0	0	0	0	85.7	0	0	0	117	0	0	0	0	0	116	0	0	0	0	0	0	0
0	0	0	0	0	0	8.95	0	0	0	0	0	0	0	0	0	0	0	0	0	115	0	0	0	0
0	0	0	0	0	0	0	0	0	0	0	0	0	-132	0	0	0	0	0	0	0	0	0	0	0
0	0	0	0	0	32.4	0	0	0	0	0	0	0	0	121	0	19.1	0	97.3	0	0	0	91.9	0	0
0	0	0	0	0	0	0	12.6	0	0	0	0	0	0	0	0	0	0	0	0	0	0	-7.8	91.9	0
0	0	0	0	0	0	0	0	0	78.5	0	0	0	0	0	0	0	0	0	0	0	-101	0	0	0
0	-0.179	0	0	0	0	0	0	-75.4	0	-78.1	0	0	127	0	0	0	0	0	0	0	0	0	0	0
0	0	0	0	0	0	0	0	0	0	0	0	0	0	0	0	0	0	0	0	0	0	43.8	0	0
0	0	0	0	0	0	0	0	0	0	0	0	0	0	0	0	0	0	0	0	0	0	0	0	0
0	0	0	0	0	0	0	0	0	0	0	38.6	0	0	0	0	0	0	0	0	0	0	0	0	-8.73
0	0	0	0	0	0	0	0	0	0	-5.7	0	0	0	0	0	0	0	0	0	0	0	0	0	20
-42.1	0	0	0	0	0	0	0	0	0	0	0	0	0	0	0	0	0	77.3	0	0	0	0	0	109
0	0	0	0	0	0	0	0	0	0	0	0	0	0	0	0	0	0	0	0	0	0	0	56.5	-44
0	0	0	111	0	0	0	0	0	0	-54.3	0	0	0	0	-41.3	0	0	0	-28.4	0	0	0	0	0
0	0	-9.33	0	0	0	-74	-2.32	-94.7	0	0	0	0	0	0	-89.3	133	0	0	0	0	0	0	0	0
0	0	0	0	0	0	74.2	0	0	0	0	0	0	0	0	0	0	0	0	0	0	0	0	0	36.7
0	0	0	0	0	0	0	103	0	0	0	0	0	0	0	0	0	0	0	0	0	0	0	0	0
0	0	0	0	0	14.1	-119	0	0	0	0	-50.4	0	0	0	0	0	0	0	0	0	0	0	0	0
0	0	0	0	0	0	0	0	0	0	0	0	0	0	0	0	0	0	0	0	0	0	0	0	0
0	0	0	0	0	15.6	-29.7	0	0	0	0	0	0	0	0	0	0	0	0	0	0	0	0	0	0
0	0	0	0	2.63	0	0	0	0	0	-50	0	0	0	0	0	0	0	0	0	0	0	0	0	0
0	0	0	0	0	0	0	0	0	0	0	0	0	0	0	0	0	0	0	0	0	0	0	-64.5	0
0	0	0	0	0	0	0	0	0	117	0	75.5	0	0	0	0	0	0	0	11.6	0	0	0	0	0
0	0	0	0	0	0	0	0	0	0	-71.4	0	0	0	0	0	0	0	0	0	0	85.3	0	0	0
0	-103	0	0	132	0	0	0	0	0	0	0	0	0	0	0	0	0	-37.6	0	0	0	98	0	0
0	0	0	0	0	0	0	0	0	0	0	0	0	0	0	0	0	0	0	0	0	0	0	0	0
0	0	0	0	0	0	0	0	0	0	0	-40.1	0	0	0	0	0	0	0	0	0	0	0	0	0
-90.5	0	0	-72.2	0	0	0	0	0	0	0	0	0	0	0	35.3	0	0	0	0	-62	0	0	0	0
0	0	0	0	0	0	0	0	0	-26.3	0	0	97.9	-129	0	0	0	0	0	0	0	118	0	0	0
0	0	0	0	72.3	0	0	0	0	0	0	0	0	0	0	0	0	41.4	0	0	0	0	0	0	0
0	0	0	0	0	28.5	0	0	0	0	95.2	0	0	0	0	0	0	0	0	0	0	0	0	0	0
0	0	0	0	0	0	0	0	0	0	0	54.9	0	0	0	0	0	-88.2	0	0	0	0	0	0	0
0	0	0	0	69.7	0	0	0	0	-133	0	0	0	0	0	0	0	0	0	0	0	0	0	0	0
5.98	0	0	0	0	0	0	0	0	0	0	0	115	0	0	0	0	0	0	0	0	0	0	0	0
0	0	0	0	0	0	0	123	0	0	0	0	-123	0	0	0	0	0	0	0	0	0	0	0	0
0	0	0	0	0	0	0	0	0	0	0	0	0	53.6	0	0	0	0	0	-111	72.7	0	-42.7	0	-51.4
0	0	0	0	0	0	0	0	0	0	0	0	0	0	0	0	0	0	0	44.5	0	0	0	0	0
53.6	0	0	0	0	0	0	0	0	0	0	0	0	0	0	0	0	0	0	0	0	0	0	0	0
0	0	0	0	0	-116	0	0	0	0	0	-51.4	0	0	0	0	0	0	0	0	0	0	0	-77	0
0	110	0	0	0	0	0	0	0	0	0	0	0	0	0	0	0	0	42.5	0	0	0	0	0	0
0	0	0	0	0	0	0	0	0	0	0	0	0	0	0	0	0	0	0	0	0	0	0	0	0
0	0	0	0	0	0	0	0	0	0	0	0	0	0	0	2.8	0	0	-28.2	0	0	0	73.6	0	0
0	0	0	0	0	0	0	0	0	0	0	0	0	0	0	0	0	0	0	0	0	0	0	0	76.7
0	0	0	0	0	0	43.2	0	85.1	0	-54.8	-99.4	0	0	0	0	0	0	0	0	0	0	0	62.3	0
0	0	0	0	0	0	0	0	0	0	0	0	0	0	0	0	0	0	0	0	0	0	0	19.4	0
0	0	0	0	0	0	17.8	0	0	0	0	0	54.1	0	0	0	0	118	0	0	0	0	0	0	0
0	0	0	0	0	0	0	0	0	0	0	0	0	77.9	0	0	0	0	0	83.9	0	0	0	0	0
0	-48.1	0	0	0	0	0	0	0	0	0	0	0	0	0	0	0	0	0	0	0	0	0	0	0
-74.2	0	0	0	0	-31.9	0	0	0	0	0	0	0	0	0	0	0	0	0	0	0	0	0	0	0
0	0	0	0	0	70.1	110	0	0	0	0	0	81.1	0	0	0	0	0	0	0	0	0	0	0	0
0	0	0	0	0	0	0	0	0	-90.1	0	0	0	0	0	0	0	0	93.5	0	0	0	0	0	0
0	0	0	0	0	0	0	0	0	0	0	0	-126	0	0	0	0	0	0	0	0	-40	0	-93.4	26.6
0	0	0	0	0	0	0	0	0	0	0	0	0	0	0	0	0	0	0	0	0	0	0	0	0
0	0	0	0	0	0	79.3	0	0	0	-44.6	0	0	0	0	0	0	0	0	-85	0	0	0	0	0
0	0	0	0	-50.9	0	0	0	0	0	0	0	0	0	0	0	0	0	0	0	0	0	0	0	0
0	0	0	0	119	0	0	0	0	0	0	0	0	0	0	122	0	0	0	0	0	0	0	0	0
0	0	0	0	-48	0	0	0	0	17.7	0	106	0	0	0	0	0	0	60.2	0	0	0	0	0	0
0	0	0	0	0	0	0	0	0	0	113	0	0	0	0	0	0	0	0	0	0	0	0	0	0
0	0	0	0	0	0	0	0	0	0	0	0	0	0	0	0	0	0	0	0	-77.6	0	0	0	0
0	0	17	0	0	0	-1.72	0	-17.4	0	0	0	0	0	0	0	0	0	0	-129	0	0	0	0	0
0	0	0	0	0	0	0	0	0	0	0	0	0	0	0	0	0	0	0	0	0	0	0	0	0
0	0	0	0	0	0	80.3	0	0	0	0	0	125	0	0	0	0	0	0	0	0	-97.1	0	0	0
0	0	0	0	0	-112	0	0	0	0	-89.8	0	0	0	0	126	0	0	0	0	0	0	0	0	0
0	0	0	0	0	0	0	0	0	0	0	-61.4	0	0	0	16.2	0	0	0	0	0	0	0	0	0
0	0	0	0	0	0	0	0	0	0	0	0	0	0	70.2	0	0	0	0	66.6	0	0	0	0	0
0	0	0	0	0	0	73.4	0	0	62.1	63.4	0	0	0	0	0	0	0	0	0	0	0	14.2	0	0
0	0	0	0	0	0	0	0	0	-26.5	0	0	0	0	0	0	0	0	0	0	0	0	-105	0	0
0	99.2	0	0	0	0	0	0	0	0	0	0	0	0	0	0	0	0	0	0	0	0	0	0	46.8
0	0	0	0	0	0	0	0	0	0	0	0	0	0	0	0	0	0	0	0	0	0	0	0	0
0	0	0	0	0	0	0	0	0	0	0	0	0	0	0	0	0	0	0	106	0	0	0	0	0
0	0	0	-105	-101	0	0	0	0	0	0	0	0	0	0	0	0	0	0	0	0	0	0	0	0
0	0	0	0	0	0	0	0	0	0	0	88.5	0	0	-56.3	0	0	0	0	0	0	0	0	0	27.5
129	0	0	0	94.5	0	0	0	74.7	0	0	0	0	0	-69	0	0	0	-9.01	0	0	0	0	0	0
0	0	0	0	95.4	0	-71.3	81	0	0	0	-33.1	0	0	0	0	0	-43.4	0	0	0	0	0	0	0
0	0	0	0	0	0	0	-29.4	30.6	0	0	0	0	0	0	0	0	0	0	0	0	0	0	0	0
0	0	0	0	0	0	0	0	-63.4	0	0	0	0	0	0	0	0	0	0	0	0	-70.9	0	0	0
0	0	0	0	0	0	0	0	0	0	0	0	0	0	0	0	0	0	0	0	0	0	0	0	-92.1
0	0	0	0	0	0	0	-45.6	0	0	0	0	0	0	0	0	0	0	0	0	0	0	0	0	0
0	0	0	0	0	-113	0	0	0	0	0	0	0	0	0	0	0	0	0	0	0	0	0	0	0
0	0	0	0	0	0	0	0	0	0	0	0	0	0	0	0	0	0	0	0	0	0	0	0	0
0	0	0	-20.1	0	-59.3	0	0	0	0	0	0	0	0	0	0	0	0	0	0	0.627	0	0	0	0
0	0	0	0	0	-116	0	0	0	0	0	0	0	0	0	0	0	0	0	0	0	0	0	0	0
-44	0	0	0	0	0	0	0	0	0	0	0	0	0	0	0	0	0	-27.8	0	0	0	0	0	85.9
0	0	0	0	0	0	0	-37.3	0	0	0	0	0	0	0	0	12.9	0	0	0	0	-23.2	0	0	0
0	0	123	0	0	0	0	0	0	0	80.3	0	0	0	0	0	-127	0	0	0	0	0	-13.2	0	0
0	-69.2	0	26.2	0	0	0	0	0	0	0	-68.1	0	0	0	0	0	0	0	0	0	0	0	0	0
0	0	0	0	0	0	0	0	-74.5	0	0	0	0	0	0	0	0	0	0	0	0	0	0	0	5.9
0	0	0	0	0	0	0	0	0	0	0	0	0	0	0	0	0	0	0	0	0	0	0	0	0
0	0	0	0	0	0	0	0	0	0	0	0	0	0	0	0	0	0	0	0	0	0	71.1	0	0
0	0	0	11.7	0	0	0	-104	0	-42.2	0	0	0	0	0	0	0	0	0	58.4	0	0	0	0	0
14.5	0	0	0	0	0	0	0	0	0	0	0	0	0	0	0	0	0	0	0	0	0	0	0	-28.1
0	0	0	0	0	0	0	0	0	0	0	-119	0	0	0	0	130	0	0	0	0	0	0	0	0
0	0	0	0	0	-87	57.4	0	0	0	-111	0	0	0	0	0	0	0	0	0	0	0	0	0	0
0	101	0	0	0	0	0	0	0	0	0	0	0	0	0	0	0	0	0	0	0	0	0	0	0
0	0	0	0	0	0	0	0	0	0	0	0	0	0	0	0	0	0	0	0	0	0	0	0	0
0	0	0	0	0	0	0	0	0	0	0	0	0	129	0	0	0	0	0	0	0	69.5	0	0	0
0	0	0	0	0	0	0	0	0	0	0	0	0	0	0	0	0	0	0	0	0	0	0	0	0
0	0	0	0	0	0	0	0	0	0	0	0	0	0	0	0	0	0	0	0	0	0	0	0	0
0	0	0	0	0	0	0	7.58	0	-31	0	0	0	0	0	0	0	0	0	0	0	0	0	0	0
0	0	0	0	0	0	0	0	0	0	0	0	69.7	0	0	0	0	-50.4	0	0	-31.7	0	0	0	0
0	0	0	0	0	0	-36.3	0	0	0	0	0	0	0	0	0	97.1	0	-114	0	0	0	0	0	0
0	0	0	0	0	0	0	0	0	0	64.1	-101	0	0	0	0	0	0	0	0	0	0	0	0	0
0	0	0	0	5.4	0	0	0	0	0	-57.1	55.4	0	0	0	0	0	0	0	0	0	0	0	0	0
0	0	0	0	0	0	0	0	0	0	0	0	0	0	0	0	0	0	0	0	0	0	0	0	0
0	0	119	0	0	0	0	0	0	-0.657	0	0	0	0	0	0	98.3	0	13.1	-94.7	0	0	0	0	0
0	0	0	0	0	0	0	0	4.99	0	0	0	-102	0	0	0	0	0	0	-87.3	0	0	0	47	0
0	-128	0	0	0	25.1	0	-85.1	0	0	0	21.1	0	0	0	0	0	0	0	0	0	0	0	0	0
0	0	0	0	0	0	0	0	0	-68.6	0	0	-118	0	0	0	0	0	0	70.6	0	0	0	0	0
0	0	0	0	0	-130	0	0	0	0	0	0	0	0	0	0	0	0	0	0	0	0	0	0	0
0	0	0	0	0	0	0	0	22.9	0	0	0	0	0	0	0	0	0	0	0	0	0	0	0	0
0	-16	0	0	0	0	0	0	0	0	0	0	0	-19.6	0	0	0	0	0	0	0	0	0	0	0
0	0	0	-61.8	0	0	0	0	0	0	-95.2	120	0	0	0	0	0	0	0	0	120	0	-31.5	0	0
0	0	0	0	0	0	0	0	-59.2	90.4	0	-90.5	0	0	0	0	0	0	0	0	0	0	0	0	0
0	0	0	0	0	-107	0	0	0	0	0	0	-21.2	-91	0	0	0	0	0	0	0	0	0	0	0
0	0	0	0	0	0	0	0	0	0	0	-100	-9.68	-25.5	0	0	0	-73.6	0	-12.7	0	0	59.8	0	0
0	0	0	0	0	0	0	-99.1	0	0	87.5	0	0	0	0	89.2	0	0	104	0	0	0	0	0	0
0	0	0	0	-44.1	0	0	0	0	113	0	0	0	0	0	0	0	0	0	0	0	0	0	0	0
0	0	0	0	0	0	0	0	0	45.1	0	0	0	0	0	0	0	0	0	0	0	0	0	0	0
0	0	0	0	0	0	0	0	0	0	0	0	0	0	0	0	0	0	0	-49	0	0	0	0	0
112	0	0	0	0	0	0	0	57.2	0	0	0	0	0	0	0	0	0	104	0	0	0	0	0	0
0	0	0	0	0	0	0	0	0	0	0	0	1.25	0	0	0	0	0	0	0	0	0	0	0	0
-94.6	0	0	0	0	0	0	0	0	0	0	0	0	0	0	87.1	0	0	0	61.9	0	0	0	0	0
0	0	0	0	0	0	0	0	0	0	0	0	0	0	103	0	0	0	0	0	0	0	0	0	0
0	0	0	0	0	0	0	0	0	0	0	0	0	0	0	0	0	-106	0	0	0	0	0	0	0
0	0	0	0	0	0	0	0	-33.6	0	0	0	0	0	0	0	0	0	0	0	0	0	0	0	0
11.8	0	0	0	0	0	0	0	0	10.6	0	0	0	0	0	0	0	-112	0	0	0	0	0	0	0
-37.8	0	0	0	0	0	0	0	0	0	0	0	0	0	0	114	0	0	0	0	0	0	0	0	0
0	0	0	0	0	120	0	0	0	0	0	0	0	0	0	0	0	0	-56.9	0	0	0	0	0	0
0	0	0	0	0	0	0	0	52.6	0	0	0	0	0	0	0	0	0	0	0	0	0	0	0	0
0	0	0	0	0	0	0	0	0	0	0	0	0	0	0	0	0	0	0	0	0	0	0	0	0
0	-8.33	0	0	0	0	0	0	0	0	52.9	0	-119	0	0	0	0	29.6	42	0	50.1	0	30.8	0	0
0	0	0	0	0	0	0	-10.6	0	-61	0	0	0	0	0	0	0	0	0	0	0	0	0	0	-80.5
-120	0	0	60.8	0	0	0	0	0	0	0	0	0	0	0	0	0	0	0	0	0	0	37.8	0	0
0	0	-2.36	0	0	0	0	0	0	0	0	0	0	0	0	0	0	0	0	0	0	0	8.35	0	0
0	0	0	0	0	61.4	0	0	0	0	0	-133	6.95	0	0	-15.6	0	0	0	0	0	0	0	0	0
0	0	0	0	0	0	0	0	0	0	0	0	0	37.8	0	0	0	0	0	0	0	0	0	0	0
0	0	0	0	0	0	0	-109	119	0	0	0	0	0	-66.7	0	0	0	0	0	0.00637	0	0	0	0
0	0	0	0	0	0	0	0	0	0	0	0	0	117	0	0	0	120	0	0	0	0	0	0	0
0	-56.5	0	0	0	0	0	0	0	0	0	0	0	0	0	0	-124	62.5	0	0	0	0	0	0	0
0	0	0	0	0	0	0	0	0	0	0	0	0	0	0	25.5	0	0	0	0	0	0	-3.03	0	0
0	0	0	0	0	0	0	0	-48	0	0	0	0	0	0	-49.5	-22.2	47.8	0	0	0	0	3.49	0	0
0	0	0	-101	0	0	0	0	0	0	0	0	0	0	56.9	0	0	0	0	0	-31.9	26.9	0	0	0
0	0	0	0	0	0	0	0	0	0	0	87.7	0	0	0	0	0	0	0	0	0	128	0	0	0
102	0	0	0	0	0	-113	0	0	0	0	0	0	0	78.8	0	0	0	0	0	-44	-117	0	0	0
0	0	0	0	-13.9	0	0	0	0	0	0	0	0	0	127	0	0	0	0	0	0	119	0	0	0
0	0	0	0	0	0	0	0	0	0	0	-21.9	0	0	0	-77.2	0	0	0	0	0	126	0	0	0
0	0	0	0	0	0	0	0	0	0	0	0	0	0	0	0	0	0	0	0	0	0	0	0	64.3
0	0	0	0	0	0	0	39.9	0	0	0	0	-49.8	127	0	0	0	0	-119	0	0	0	0	-31.7	0
0	0	0	0	0	0	-69.8	0	0	0	0	0	0	0	0	0	0	0	0	0	0	0	0	0	0
0	0	0	0	0	0	0	0	0	0	109	0	0	0	0	0	0	0	0	89.1	0	0	0	0	0
133	0	0	0	0	0	0	0	0	0	81.9	0	0	0	0	0	0	0	92.6	0	0	0	0	0	0
0	0	0	0	0	0	0	0	0	-84.7	106	0	0	0	-88.1	0	0	0	0	0	0	133	0	0	0
0	0	0	0	0	65.9	-116	0	0	0	0	0	0	0	0	0	-6.47	0	-103	0	0	0	0	0	0
0	0	0	0	0	0	0	0	0	0	0	0	0	0	0	0	14.5	0	74.6	0	0	0	0	0	-71.3
0	0	0	0	0	0	0	-87.8	0	0	51.9	0	0	0	0	0	0	0	0	0	0	0	0	31.4	-93.5
0	0	0	0	0	0	0	0	0	0	0	0	0	0	0	0	0	0	0	0	0	0	0	0	0
0	0	0	0	0	0	0	0	0	0	0	0	0	0	0	0	0	0	0	0	0	0	0	0	0
-16.8	0	0	0	0	0	0	0	0	0	0	0	0	0	0	0	0	0	0	0	0	0	0	0	0
0	0	0	0	0	0	0	0	0	0	41.3	0	0	0	0	0	0	0	0	0	0	0	0	0	0
0	0	0	0	0	7.65	0	0	0	0	0	0	0	0	0	0	0	0	0	0	0	29.5	0	0	0
0	0	0	0	0	0	0	0	0	0	0	0	0	0	0	0	0	0	0	86	0	0	0	0	0
0	0	0	0	-98.6	0	0	0	60	0	0	0	119	0	0	0	0	0	0	0	0	17.1	38.1	0	0
0	0	0	0	0	0	0	0	0	0	0	0	0	0	0	0	0	-1.87	0	0	0	0	0	0	0
0	0	0	0	0	1.19	0	0	0	0	0	0	0	0	0	0	0	0	0	0	0	0	0	0	0
0	0	0	0	-48.7	0	0	0	0	-119	41.2	0	0	-21.3	0	0	0	0	0	0	0	68.9	0	0	0
0	0	0	-108	0	0	0	0	0	0	0	0	0	0	0	-21.6	0	0	0	0	0	22.9	0	0	0
0	0	36	0	0	0	0	0	0	0	0	0	0	0	0	0	0	0	0	0	0	0	0	0	0
0	0	-43.7	0	0	0	0	0	0	0	0	0	0	0	0	0	15	0	0	0	0	0	0	0	0
0	0	0	6.48	0	0	0	0	0	0	0	0	0	0	0	0	0	0	0	0	0	0	0	0	0
0	0	0	0	0	0	0	0	0	0	0	0	0	0	0	0	0	0	0	0	0	0	0	-12.6	0
0	0	0	0	0	-37.3	-65.6	0	104	0	0	0	92.7	0	0	0	0	0	0	0	0	0	0	0	0
0	0	0	0	0	0	0	0	-25.5	0	0	0	0	0	0	0	0	0	0	0	0	-122	0	0	0
0	0	0	0	0	0	0	0	0	0	0	0	0	0	0	0	0	0	0	0	0	0	0	0	0
0	0	0	0	0	0	0	0	0	0	0	0	0	0	0	69.7	0	0	0	0	0	0	0	0	0
0	0	0	55.5	0	0	-120	0	0	0	0	0	0	0	0	0	97.7	0	-28.5	0	0	0	0	0	0
0	0	0	0	0	0	0	0	85.7	0	0	0	0	0	0	0	0	0	0	0	0	0	0	0	0
0	0	0	0	0	0	-122	0	0	0	0	0	0	0	0	0	0	-34.8	0	0	0	129	0	0	-88.7
0	0	0	0	0	0	0	-48.4	0	0	0	0	0	0	0	0	0	0	0	0	0	0	0	0	0
0	0	0	0	0	0	-70.4	-36.7	0	0	0	0	0	0	0	0	0	0	0	0	0	0	0	0	0
0	0	0	0	0	0	0	0	0	0	-33.7	0	0	0	0	0	0	0	0	0	0	0	0	71.7	87.4
0	0	0	0	0	0	0	0	0	0	0	0	0	0	0	0	0	0	0	0	0	0	0	0	0
0	0	0	0	0	0	0	0	0	0	0	0	0	0	0	0	0	-73	0	0	0	0	14.3	0	0
0	0	-121	0	0	0	0	0	0	0	0	0	0	51.3	0	0	0	0	0	-97.1	96.9	0	0	46.6	0
90.2	0	0	0	0	0	0	0	0	81.1	0	0	0	0	123	0	0	0	0	0	-56	0	0	0	0
0	-114	0	0	-69.6	0	0	-55.7	0	0	0	0	0	0	0	0	0	0	0	0	0	0	0	0	0
0	0	0	0	0	0	0	0	-109	0	0	0	0	0	0	0	-99.6	0	-60.4	0	0	11.7	0	0	0
0	23.9	0	0	0	0	0	0	0	0	0	0	0	0	0	-41.5	0	0	0	0	0	0	0	0	-114
0	0	0	0	0	0	0	56.7	0	0	0	0	0	0	0	0	0	0	0	0	0	0	0	0	0
0	0	0	0	0	0	0	0	0	0	0	0	0	-98.4	0	0	0	0	59	0	0	0	0	-117	59.7
0	0	0	0	0	0	-34.1	0	0	0	0	0	121	0	0	0	0	0	0	0	0	0	0	0	0
0	0	0	0	0	0	0	0	0	0	0	-112	0	0	0	0	0	-73.2	0	-40.7	9.64	0	0	0	0
0	0	0	0	0	0	0	0	0	0	0	0	0	0	0	0	0	0	0	0	0	0	0	0	-115
0	0	0	0	0	0	0	0	0	0	0	0	0	0	0	0	0	0	0	0	0	0	0	0	0
-19	0	-98.6	0	0	0	0	0	0	0	0	0	0	0	0	0	0	0	0	-10.7	0	0	0	0	0
0	0	0	0	0	0	0	0	0	0	-20.5	0	0	0	0	42.8	0	0	0	0	0	0	0	0	0
0	0	122	0	0	0	0	0	0	0	0	0	0	-91.1	0	0	0	0	0	0	0	0	3.89	0	0
0	0	0	0	0	0	0	0	0	0	0	0	0	0	0	0	0	0	0	0	0	0	0	0	0
0	0	0	0	0	85.5	0	0	113	1.52	0	0	0	0	0	0	0	0	0	0	0	-85.1	0	0	0
0	0	0	0	0	0	0	0	0	0	0	0	125	0	0	0	-28.5	0	0	0	118	0	0	0	0
0	0	0	0	0	0	0	0	0	-108	0	0	0	0	0	0	27.5	0	0	0	0	0	-12.3	0	0
0	0	0	118	0	0	0	-74.8	0	61.4	0	0	0	0	0	0	0	0	0	0	0	0	0	0	0
0	0	0	0	0	0	0	45.2	0	0	0	0	16.8	0	0	0	0	0	0	0	0	0	0	0	-29.5
0	-18.9	0	0	38.5	0	0	131	0	0	0	0	0	0	0	0	0	0	0	0	-58.6	0	0	0	0
0	0	0	0	0	117	0	0	0	0	0	0	0	112	0	-77.9	-15.6	0	0	0	0	0	0	0	75.5
0	0	0	0	0	0	0	0	0	0	0	0	0	0	0	0	0	0	0	0	0	0	0	0	0
0	0	0	0	0	0	0	0	0	0	0	0	0	0	0	0	0	0	0	0	0	0	0	0	0
0	0	0	0	0	0	77.2	0	0	0	0	0	0	0	-63.8	0	0	0	0	0	0	0	0	0	0
0	0	0	0	0	0	0	0	0	0	0	-119	0	0	0	0	0	0	0	123	0	0	0	0	0
0	0	0	-129	0	0	0	0	0	-19	0	0	19.6	113	0	0	0	0	0	0	-65.1	0	0	0	0
0	0	0	0	0	0	0	0	0	0	0	0	0	0	0	0	0	0	0	0	0	0	0	0	0
0	0	0	0	0	0	0	0	0	0	0	0	0	-70.4	53.1	0	0	0	0	0	0	0	29.9	0	0
0	0	0	0	50.4	0	61.1	0	0	0	0	0	0	0	0	0	0	0	0	0	122	0	0	0	0
-81.6	0	0	0	0	0	0	0	-79.3	0	-47.4	0	0	0	0	0	0	0	0	0	0	0	0	0	0
0	0	0	0	0	-35.6	0	0	0	0	0	0	0	0	0	0	0	0	0	0	0	0	0	0	0
0	0	0	0	0	0	0	0	0	0	0	0	0	0	0	0	0	0	0	-11.2	0	-34.1	0	0	0
0	0	0	0	0	0	0	0	36.3	0	0	0	0	0	0	0	0	-127	0	0	0	0	0	0	0
0	0	0	-42.4	0	0	0	0	0	0	70.4	0	0	0	0	0	0	0	0	0	0	0	0	0	0
0	0	0	73.4	0	0	0	81.7	0	-47.7	0	0	0	0	0	0	0	0	0	0	0	0	0	0	0
0	0	0	0	0	0	0	80.6	0	0	0	0	0	0	0	0	0	0	0	0	0	0	0	0	0
0	0	0	0	0	0	0	0	0	0	0	0	0	-133	0	-132	-62.3	0	-4.82	0	0	75.5	0	0	0
-124	0	0	0	0	0	0.469	0	0	64.8	0	0	0	0	0	0	0	90.5	0	0	0	0	0	0	0
0	0	0	24	0	0	0	0	-74.6	0	0	0	115	0	0	0	0	0	0	0	0	-97.4	-101	0	0
0	0	0	0	-64.7	0	0	0	0	0	0	0	15.1	0	0	0	0	0	90	0	0	0	0	0	0
0	0	0	0	0	0	0	131	0	0	0	0	0	0	0	0	0	0	0	0	0	0	0	0	0
83.1	0	0	0	0	0	0	0	0	0	0	0	0	0	0	0	0	0	0	0	0	0	0	0	0
0	0	0	0	0	0	0	0	0	-94.9	0	0	0	0	0	0	-95	0	0	0	0	-130	0	0	0
0	0	0	0	0	0	0	0	0	0	0	0	0	0	0	0	0	0	0	0	0	0	0	0	0
91.2	0	0	0	0	0	0	0	0	0	0	0	0	0	0	0	0	0	-113	0	0	0	-51.6	0	0
0	0	0	0	0	0	0	0	0	-99.4	0	0	0	0	0	0	0	0	0	28.9	0	0	0	0	0
0	0	-25.1	0	0	0	0	0	0	38.7	0	0	0	0	0	0	0	0	0	0	0	0	0	0	0
-114	0	0	0	0	0	0	0	0	0	0	0	-117	0	0	0	0	0	0	0	0	0	0	0	113
0	0	0	0	0	0	0	0	0	63	0	0	0	0	0	0	0	0	0	0	-39.2	0	0	0	0
0	0	0	0	0	0	49.6	0	0	-91.4	0	0	0	0	0	0	0	0	0	0	0	0	-84.3	0	0
0	105	0	0	0	-9.42	0	0	0	0	0	0	0	0	-81.4	0	119	0	0	0	0	0	0	0	0
0	0	0	0	0	0	0	0	77.2	0	0	0	0	0	0	0	0	0	0	0	0	0	0	0	0
0	0	0	0	0	0	0	0	0	-77.3	0	0	0	0	0	0	0	0	0	0	0	0	0	0	0
0	0	0	0	0	0	0	46.1	0	0	0	0	0	0	0	0	0	0	0	0	75.1	0	0	-9.28	79.8
0	0	0	0	0	0	0	0	0	0	0	0	0	0	0	0	0	0	0	0	0	0	0	0	0
0	0	0	0	0	0	0	0	-14.4	0	0	0	0	0	0	0	0	104	0	0	0	0	0	0	0
0	0	0	0	0	0	0	0	0	0	0	0	0	0	0	0	0	0	0	0	79.1	0	0	71.7	0
0	0	0	133	0	0	0	0	0	0	0	0	0	0	0	0	0	0	0	0	0	0	0	0	0
0	0	0	0	0	0	0	0	0	0	0	0	0	0	0	0	0	0	0	0	0	0	0	0	0
0	0	0	0	-29.5	0	0	0	0	0	0	0	0	0	0	0	0	-77.6	0	0	0	0	0	0	0
0	-91.8	0	0	0	0	-42.3	0	0	0	0	0	0	0	0	0	0	-122	0	0	0	0	0	0	0
0	0	0	0	0	0	0	65.8	0	-40.5	0	0	0	0	0	0	0	0	0	-92	0	0	0	0	0
37.4	0	0	0	0	0	0	0	0	0	0	0	0	24.4	0	0	0	0	0	0	0	0	0	0	0
0	0	0	79.1	0	0	0	-22.4	0	0	0	0	0	0	0	0	0	0	0	0	0	0	0	0	0
0	0	0	-129	0	0	0	130	0	0	-86.6	0	0	0	0	0	0	0	0	0	0	0	0	0	-100
0	0	0	0	87.1	0	0	0	0	0	0	0	0	0	0	0	0	0	56.2	0	0	0	0	0	0
0	0	0	0	0	0	0	0	0	0	0	0	0	0	0	0	32	0	47.4	0	0	0	0	0	0
0	0	0	0	0	0	0	-107	0	0	0	0	0	0	0	0	0	0	0	0	0	0	0	0	0
0	0	0	0	0	0	0	0	-31.6	0	0	0	-90.6	0	0	0	0	0	0	0	0	0	0	0	0
0	0	-103	0	0	0	0	0	-130	0	0	0	0	0	0	0	0	0	0	0	0	0	0	0	0
-19	0	6.86	0	0	0	0	0	0	0	0	0	0	0	0	0	0	0	0	0	0	0	0	0	0
0	-120	0	0	0	0	0	0	0	11.8	0	-53.7	0	0	0	0	0	0	0	0	0	0	0	0	0
0	0	116	0	0	0	0	0	0	0	0	0	0	0	0	0	-42.3	0	0	0	92.5	37.2	0	0	0
0	0	0	0	0	0	0	0	0	0	0	110	0	0	22.7	0	0	0	0	0	0	0	0	0	-122
0	0	0	0	0	0	0	0	0	0	94.4	0	0	0	0	0	0	0	0	0	0	15.8	0	0	0
0	0	0	0	0	0	0	-27.5	0	0	-53	0	0	0	0	0	0	0	0	0	0	0	0	44.4	0
0	0	0	0	0	0	0	0	-49.2	0	0	0	0	0	0	0	0	0	0	0	0	0	0	0	0
0	0	0	0	0	0	0	129	0	0	0	-7.14	0.793	0	0	0	0	0	117	0	0	0	0	0	-11.8
0	0	0	0	0	0	0	0	0	0	0	0	0	0	0	0	0	0	0	0	73.3	0	0	0	0
0	0	0	0	0	0	0	0	0	-118	0	0	0	0	0	0	0	0	0	0	0	0	0	0	0
0	0	0	-68.2	0	0	0	0	-132	0	0	0	0	0	0	0	0	0	0	0	0	0	-80.4	0	0
0	0	0	0	0	0	0	0.779	0	0	0	0	0	0	0	0	0	0	0	0	0	0	0	0	-35
8.79	0	0	0	0	0	0	0	0	-94.9	0	0	0	0	0	0	0	43.9	0	0	0	0	0	0	0
0	0	0	0	0	-35	0	0	38.8	0	0	0	0	0	0	0	0	0	-43.2	0	0	0	0	0	0
0	0	0	92	-8.85	0	0	0	0	0	0	0	74.2	0	0	0	0	0	0	-36.7	0	0	-102	0	0
0	0	0	29.6	0	0	0	0	0	0	0	0	0	0	0	0	0	0	-118	0	0	0	0	0	0
0	0	0	0	0	0	0	0	-118	32.1	0	0	0	0	0	0	0	0	0	0	0	0	0	0	-66.6
0	0	0	0	0	0	0	0	0	0	0	0	0	0	0	0	0	0	0	0	0	0	0	0	0
126	0	0	0	0	0	0	0	0	0	0	0	0	0	0	0	0	0	-123	0	-107	0	0	0	0
0	0	0	0	0	0	0	-56	0	0	0	0	0	0	0	0	0	0	0	0	0	0	0	0	0
0	0	0	0	0	0	0	0	0	0	0	14.2	0	0	0	0	-94.1	0	0	0	0	0	0	0	0
0	0	-17.8	0	0	-27.6	0	0	0	0	1.03	0	0	0	0	0	0	0	0	0	0	0	0	0	0
0	0	-8.57	0	54.2	0	0	0	0	27	0	0	0	0	0	0	0	0	0	0	0	0	0	0	0
0	0	0	123	0	0	0	-83.9	12.6	0	0	0	0	125	0	0	0	108	0	0	0	0	0	0	0
0	0	0	0	0	0	0	0	0	0	0	0	0	0	0	0	0	0	0	0	0	0	0	0	0
0	0	0	0	0	0	0	0	0	0	0	0	0	-6.04	0	0	0	0	0	0	0	0	0	0	0
0	0	0	80.1	0	0	0	0	0	0	0	3.25	0	0	0	0	0	0	0	0	0	0	0	0	0
0	0	-57	0	0	0	0	0	0	0	0	-105	0	0	0	0	0	0	0	0	0	0	0	0	0
0	0	0	0	0	0	0	0	0	0	0	0	0	0	0	0	0	0	0	0	0	0	0	0	0
0	0	0	0	0	0	0	0	0	0	0	0	0	0	-68.5	0	0	0	0	0	0	59.7	0	0	0
0	0	0	0	0	-26.6	0	0	0	100	0	0	0	0	0	0	0	0	-53.7	0	0	0	0	0	0
0	0	0	0	0	0	0	0	-125	0	0	0	0	0	0	0	0	0	0	0	76.4	0	0	0	0
0	0	0	0	0	0	0	0	0	0	0	0	0	0	0	0	0	0.225	0	0	0	-41.8	0	0	0
0	6.26	0	0	0	0	124	0	0	0	0	0	0	0	0	83.6	0	0	0	0	0	0	0	0	0
0	0	0	0	0	0	-56.1	0	0	0	0	-23	0	0	0	0	0	0	0	118	101	0	0	0	0
0	0	0	0	0	0	0	0	0	0	0	0	0	0	0	0	0	0	97.4	0	0	0	0	0	0
0	0	0	0	0	0	0	0	0	0	0	0	0	0	0	0	111	0	0	0	0	0	0	0	0
0	0	0	0	0	0	0	0	0	105	0	87.6	0	0	0	0	131	0	0	0	0	0	0	0	0
0	0	0	0	0	0	0	0	0	0	0	0	0	0	0	-46.6	0	0	0	0	0	0	0	0	0
0	0	-83.8	0	0	0	0	0	0	118	0	0	0	0	0	0	0	0	0	0	0	0	0	0	71.3
0	0	0	0	0	115	0	0	0	0	0	44.6	0	0	0	0	0	0	0	0	0	0	0	0	0
0	0	0	0	0	0	91.4	0	0	0	91.9	99.3	0	0	0	0	0	0	0	-7.94	0	0	0	0	0
0	49.4	0	0	0	0	0	0	0	0	0	0	0	0	0	0	-40.8	0	0	0	0	0	0	105	116
0	0	0	0	0	0	0	0	0	0	0	0	0	0	0	0	0	0	0	0	0	-82.4	0	0	0
-22.4	0	0	0	0	0	0	0	0	0	-70.9	0	0	58.8	0	0	0	0	-77.5	0	0	109	0	0	0
0	0	0	0	0	0	0	0	0	0	0	0	0	0	0	0	-130	0	0	0	0	0	0	0	0
0	0	0	0	0	0	0	0	0	0	0	0	0	0	0	0	0	-97.2	0	0	0	0	0	0	0
0	0	0	0	123	0	0	-115	0	0	0	0	0	0	90.5	0	0	0	0	0	-90	0	0	0	-2.25
0	0	0	0	0	0	0	0	0	0	0	77.3	0	0	0	0	0	0	12.5	0	0	0	0	0	0
0	0	0	0	0	0	0	0	0	0	0	0	0	0	0	-53.3	-100	0	0	0	0	0	0	0	0
0	0	0	0	0	0	67	0	0	0	0	0	0	0	0	0	0	0	0	0	0	-107	0	0	0
0	0	0	0	0	0	31.4	-55.6	0	0	27.2	0	0	0	0	0	0	0	0	0	0	0	0	0	0
0	0	0	0	0	0	0	0	-75.9	0	0	0	0	0	88.6	0	0	0	0	0	0	0	0	0	0
0	0	0	0	0	0	0	0	0	0	0	0	0	0	0	0	0	0	0	0	0	0	0	0	0
0	0	0	0	0	-15.4	0	0	0	0	0	0	0	0	0	0	0	0	0	0	0	4.79	0	0	0
0	0	0	0	0	0	0	0	0	0	0	0	0	0	0	-9.65	0	0	0	0	0	0	0	0	0
0	0	0	0	35.6	0	0	0	0	46.9	0	0	0	0	0	29.9	0	0	0	0	0	-2.75	0	-11.9	0
0	0	0	0	0	0	1.11	0	0	0	0	0	0	0	0	0	0	0	0	0	123	0	0	0	0
0	0	0	0	-34.2	0	0	122	0	0	119	0	-67.2	0	0	0	0	0	0	0	0	0	0	0	0
0	0	0	0	0	0	0	0	0	-105	0	0	0	0	0	0	0	0	0	0	0	0	0	0	0
0	0	0	0	0	0	0	48	0	0	0	0	0	0	0	0	-90.3	0	0	0	0	0	0	0	0
0	0	0	0	0	0	0	0	0	0	0	0	0	0	0	0	0	0	-111	-81.8	0	0	0	0	0
0	112	0	73.6	0	0	0	0	0	0	0	0	-124	0	0	-18.3	0	0	0	0	0	0	0	0	0
0	0	0	0	0	0	0	0	0	-118	0	0	0	0	0	0	0	103	0	0	64.9	36.9	0	0	0
0	0	0	0	130	0	0	0	0	0	0	-78.4	0	0	0	0	50.8	0	0	0	0	0	0	0	0
0	0	0	0	0	0	0	0	0	93.7	0	0	0	-19.1	0	0	0	0	0	33.1	0	-108	-73.2	0	0
0	0	0	0	0	0	0	0	0	0	0	0	0	0	0	0	0	0	-80.1	0	0	0	0	0	0
0	0	0	0	-31.1	0	0	0	0	-10.5	0	0	0	0	0	0	0	0	0	0	0	0	-32.4	45.1	0
0	0	0	0	0	0	0	0	0	0	-22.6	0	0	0	0	0	0	0	0	0	0	0	0	18.7	0
0	0	0	0	0	-78.9	0	-33.5	0	0	0	0	0	0	0	0	0	0	0	0	0	0	0	0	0
0	96.7	0	0	0	0	0	0	0	0	0	-46.5	0	0	0	0	0	-124	0	0	0	0	-25.9	-63.1	0
0	0	0	0	0	-31.5	0	0	0	0	0	0	-30.3	0	0	0	0	0	0	0	0	0	0	0	115
0	0	0	0	0	0	0	0	0	0	0	0	0	0	0	0	0	0	0	0	0	0	0	0	0
0	128	0	0	0	0	0	0	0	0	0	0	0	0	0	0	39.7	0	0	0	0	0	0	0	0
0	0	0	0	0	0	-114	0	0	0	0	0	0	0	0	0	0	37.8	0	0	0	0	0	0	0
0	0	0	0	0	0	0	0	0	0	0	0	0	0	0	0	0	0	0	0	-65.7	0	0	0	0
0	0	0	0	0	0	0	0	0	0	0	0	8.34	0	0	0	0	0	0	0	0	0	0	0	0
0	0	0	0	0	0	118	0	0	0	0	0	0	0	-111	0	0	-56.4	0	0	127	0	0	0	0
0	0	0	0	0	0	0	-80.1	0	0	0	0	0	0	111	0	0	0	0	-5.92	0	0	0	0	0
123	0	0	0	0	0	0	0	0	0	0	-99.3	0	0	0	0	14.6	0	-37.2	103	0	0	0	0	0
0	0	0	0	0	0	0	0	0	0	22	0	0	0	0	0	0	0	0	0	0	0	0	0	0
0	0	79.8	0	0	0	0	0	0	0	0	0	0	0	0	0	0	0	0	0	0	0	0	0	0
0	0	0	0	0	0	0	0	0	0	0	8.16	0	0	0	0	0	0	0	0	0	0	0	0	0
0	0	0	0	0	0	0	0	0	0	0	0	0	0	0	0	0	0	-93.6	0	-26.9	0	0	0	0
-129	0	-124	0	-41.5	0	0	0	0	15.9	0	0	0	0	-32	0	0	0	0	0	0	0	0	125	0
0	0	0	107	0	0	0	0	0	0	0	-28	0	0	0	0	0	54	0	0	73.5	0	0	-77.4	0
0	0	0	0	0	0	0	0	0	0	0	0	27.2	0	0	0	0	0	0	68.8	0	0	0	0	0
-115	0	0	0	0	0	0	0	0	0	0	0	0	0	43.4	0	0	0	0	0	0	0	0	0	0
0	0	0	0	0	0	0	0	0	0	81.7	0	0	0	0	0	0	0	0	0	0	0	0	0	0
0	0	0	0	36.7	0	0	65.2	0	0	0	0	0	0	0	0	0	0	0	0	0	-30	0	130	0
0	52.8	0	0	0	14.1	0	119	0	0	0	0	0	0	0	0	0	0	0	0	0	0	0	0	0
0	0	0	-22.9	0	0	0	0	0	0	50.5	0	0	0	0	0	0	0	0	0	0	0	0	-104	0
0	0	0	-32.3	0	0	0	0	0	0	0	0	0	0	0	0	0	16	0	0	0	0	0	0	0
0	0	0	0	-12.2	0	0	0	0	0	0	0	0	0	0	0	33.5	0	-80	-74	0	0	0	0	0
0	0	0	0	7.39	0	0	0	0	0	0	0	0	0	0	0	0	33.4	0	0	0	0	0	0	0
77.3	0	-72.9	0	0	0	0	0	0	0	0	0	0	0	0	0	0	0	0	0	0	0	0	0	0
0	0	0	0	-122	0	0	0	0	0	0	-124	0	0	0	108	0	0	0	0	0	0	0	0	0
0	0	0	0	0	0	0	0	0	0	0	0	0	0	0	0	0	0	0	0	0	0	0	0	0
0	0	0	0	0	0	63.1	0	0	0	123	0	0	0	0	0	0	0	0	0	0	0	0	0	0
0	0	0	0	0	0	0	0	0	0	0	0	0	0	0	0	0	0	0	0	0	0	0	0	0
0	0	0	0	0	0	0	0	0	0	0	0	0	0	0	0	0	129	-112	0	0	0	0	0	34.8
0	0	0	0	18.5	0	0	0	0	69.5	0	0	0	0	0	0	64.7	0	0	0	0	0	32.1	0	0
0	95.1	0	0	0	45.5	0	0	0	0	0	0	0	0	0	0	0	0	123	0	0	0	0	0	0
0	0	0	0	0	0	74.7	0	14	0	0	91.8	0	0	0	0	0	0	0	-111	0	0	0	0	0
-42.7	0	0	2.67	0	0	0	0	0	-38.2	0	0	0	0	0	0	-74.8	-110	0	0	0	0	0	0	0
0	0	0	0	0	0	0	0	0	0	0	0	0	0	0	0	0	0	-62.2	0	0	0	0	0	0
0	0	0	0	0	0	0	18.4	0	0	0	0	0	61.5	0	103	0	-56.2	0	0	119	0	0	0	0
0	0	0	0	0	0	0	0	0	0	0	0	0	0	0	0	0	0	0	0	0	0	-1.99	0	0
0	0	0	0	0	0	0	0	0	0	0	0	0	0	0	0	0	0	0	0	0	0	0	0	0
111	0	0	0	0	0	0	0	0	0	0	0	0	0	0	0	0	0	0	0	0	0	-130	0	0
0	0	0	0	0	0	0	-59	126	-57	0	0	0	0	0	0	0	-31.3	0	0	0	0	0	0	0
0	0	0	0	0	0	76.7	-122	0	0	0	0	0	0	0	0	0	0	0	0	0	0	0	0	0
0	0	0	0	0	0	0	0	0	117	0	0	117	46.2	0	0	0	0	0	-41.4	0	0	0	0	-0.38
0	0	0	0	0	0	0	0	0	0	0	0	-5.87	0	0	0	0	0	0	0	0	0	0	0	0
0	0	0	0	0	0	0	0	0	0	0	0	0	0	0	0	0	0	0	0	0	0	0	0	0
0	0	0	0	0	0	0	0	0	0	0	0	0	-130	0	0	0	0	-60	0	0	-38.6	0	0	0
0	-60.1	0	0	0	5.99	0	0	0	0	0	0	0	0	0	0	0	0	0	0	0	0	0	5.64	0
0	0	0	0	0	0	0	0	0	-67.1	0	0	0	0	0	-6.59	7.9	-7.08	0	0	0	0	0	0	0
0	0	0	0	0	0	0	0	0	0	0	0	0	0	0	0	122	0	0	0	0	-54.2	0	0	0
0	0	0	0	0	0	35.9	0	0	0	0	0	0	0	0	0	0	0	48.8	0	0	0	0	0	-12.4
0	0	0	0	0	0	56.5	-102	0	0	0	0	0	0	0	0	0	0	0	0	0	0	0	0	0
0	0	0	0	0	0	0	0	0	0	0	0	0	0	0	-29.5	0	0	0	0	0	0	0	0	0
0	0	0	0	0	0	0	0	0	0	0	0	13.8	0	0	0	0	0	0	0	0	0	0	-19.6	0
0	0	0	0	0	0	0	0	0	0	0	83.2	0	0	0	0	0	0	0	0	0	0	0	0	0
0	0	0	0	0	0	0	0	0	0	0	0	0	-81.2	86.2	0	0	0	0	0	0	0	0	0	0
0	0	0	0	0	-66.8	0	0	0	0	0	0	0	0	0	0	0	0	17.9	0	0	0	0	0	0
0	0	0	117	0	0	0	0	0	0	0	0	0	0	3.13	0	0	0	0	0	0	0	0	0	0
0	0	0	0	0	0	0	0	0	0	0	0	-58.6	0	0	0	0	0	0	0	0	0	0	0	0
0	0	0	0	0	0	0	0	0	0	0	-35.9	0	0	0	0	0	0	7.06	0	0	0	0	0	0
0	0	0	0	0	0	0	0	0	0	0	0	-131	0	0	0	0	0	0	70.7	0	91.2	0	-55.1	0
0	0	0	0	0	0	0	0	-107	0	0	0	0	32.6	0	0	0	0	50.9	0	0	0	0	0	0
0	0	26.5	-19.6	0	0	0	0	0	1.65	0	0	0	0	0	0	0	0	0	0	0	0	0	0	0
0	-71	0	0	0	0	0	0	0	0	0	0	0	-93.3	0	0	-48.1	0	0	0	0	0	0	0	0
0	0	0	0	0	0	0	0	0	0	0	0	0	0	0	0	0	0	0	0	0	0	0	0	0
0	0	0	0	0	0	0	0	0	0	0	0	0	0	0	0	0	0	0	0	0	0	0	0	0
0	0	0	0	0	0	0	0	0	0	0	0	0	0	11.5	0	0	0	0	0	0	0	0	0	0
0	0	0	0	0	0	0	0	0	-93.7	0	0	0	0	0	0	0	0	-35.7	0	0	0	0	-80.2	0
0	0	0	0	0	0	48.2	0	30.5	0	0	0	0	0	0	0	0	0	0	0	0	0	0	-131	0
0	0	0	0	0	0	-114	-11.9	0	0	0	0	0	0	0	0	0	0	0	0	0	86.2	0	0	0
0	0	0	0	0	0	0	0	0	0	0	0	0	0	0	0	0	0	0	0	22.6	0	0	0	0
0	0	0	0	0	0	0	-39.6	0	46.7	0	0	0	0	0	98.8	0	81.3	0	0	0	0	0	0	0
0	0	0	0	0	0	0	0	0	0	0	0	0	0	0	0	0	0	0	0	0	0	58.3	0	0
0	0	0	0	0	0	0	0	0	0	0	0	0	0	0	0	0	0	0	0	0	0	0	0	0
0	0	0	0	0	0	0	0	0	0	0	0	0	56.5	0	0	0	0	0	0	0	0	0	0	0
-18.4	0	0	0	0	0	0	0	0	0	0	0	0	0	0	0	0	0	0	0	0	0	0	0	0
41.8	0	0	0	13.9	28.9	0	0	0	0	0	0	0	0	0	0	0	0	0	0	0	0	0	0	0
-88.9	104	0	0	0	0	0	0	0	0	-88.9	0	0	0	0	0	-59.8	0	0	0	0	0	0	0	0
0	0	0	103	-105	0	0	0	0	0	0	0	0	0	0	0	0	0	0	0	0	0	0	0	0
0	0	0	0	35	0	0	0	0	0	0	0	0	0	0	0	0	0	0	0	0	0	0	0	0
0	0	0	-129	104	0	0	0	0	0	0	0	0	0	0	0	116	0	0	0	0	0	0	0	51.5
0	0	0	0	0	0	0	0	0	0	0	0	0	0	0	0	0	0	0	0	0	0	0	52.1	0
0	0	0	0	0	0	0	0	0	0	0	0	0	0	0	0	0	0	0	0	0	0	0	0	0
0	12.5	0	93.4	0	-108	0	0	0	0	0	0	0	0	0	0	0	0	0	0	0	0	0	0	0
0	0	0	0	0	0	0	0	0	0	0	0	0	0	0	-86.7	0	0	0	0	0	0	0	0	0
37.5	0	-124	0	0	0	0	0	0	0	0	0	0	0	0	0	0	0	0	0	0	0	0	0	0
0	0	0	0	-63.4	-68.1	0	-58.5	0	0	0	0	0	-8.1	0	0	0	0	0	0	0	0	0	0	0
0	80	0	0	0	0	0	0	0	28.7	0	0	0	0	0	46.8	0	0	0	0	0	0	0	-17.5	0
0	0	0	0	0	0	0	0	0	0	0	0	0	0	0	0	0	0	0	0	0	0	0	0	0
0	0	0	0	0	0	0	0	0	0	0	0	0	0	0	0	0	0	0	27.9	0	0	0	0	0
0	0	0	0	-49.2	0	0	0	0	0	0	0	0	0	0	118	0	0	0	0	0	0	0	0	0
0	0	0	-27	0	0	0	0	0	0	0	0	0	0	0	0	0	0	0	0	0	0	37.2	0	0
0	-92.7	0	0	0	69.3	0	0	0	0	0	0	0	0	0	0	0	0	-57.3	-122	0	0	0	0	0
0	0	0	0	0	0	0	0	0	0	0	-19.9	0	0	0	0	0	0	0	0	0	0	0	0	0
0	0	0	0	0	0	0	80.8	0	0	0	0	0	0	-52.4	105	0	0	0	0	0	0	0	0	-71.7
0	0	0	-119	0	-104	0	0	0	0	0	0	0	0	0	0	0	-21	0	0	0	0	0	0	0
0	-97.9	0	0	0	0	0	0	0	0	0	0	0	0	0	0	0	-30.2	0	0	-112	0	0	0	0
0	0	0	0	66.3	0	0	0	0	0	0	0	-104	0	0	0	0	0	0	0	104	0	0	0	0
0	0	0	0	0	0	0	0	0	0	0	0	0	0	0	0	0	0	0	-9.29	0	0	0	0	0
0	0	14.3	0	0	0	0	0	0	0	0	0	0	0	0	0	0	0	0	0	57.1	0	0	16.1	0
-31.1	0	0	0	0	112	0	0	0	0	0	0	0	0	78.4	0	0	0	0	0	0	0	0	0	0
107	0	18.9	-51.8	0	0	-102	0	0	80.1	0	0	0	0	0	0	0	0	0	0	0	0	0	0	0
0	0	0	77	0	0	109	0	0	0	0	0	0	0	0	0	0	-54.3	0	6.3	0	0	0	-116	0
0	0	0	0	0	0	0	0	0	-30.4	0	0	0	0	-65.9	0	0	0	0	0	0	0	0	0	0
0	0	0	0	0	0	0	0	0	110	0	0	0	0	0	0	0	0	0	0	0	0	0	0	0
0	0	0	0	0	0	0	0	0	0	0	0	0	0	0	0	0	0	0	0	0	0	73	0	0
0	0	0	0	-68.8	0	-125	0	0	0	0	0	0	0	0	0	0	-50.6	75.2	9.13	0	0	0	0	8.2
0	0	0	0	0	0	0	0	0	78	25.4	0	0	0	0	0	0	0	0	0	0	0	5.77	0	0
0	36.6	0	0	0	0	0	0	0	-32.4	0	0	0	0	0	0	0	0	0	0	0	0	0	0	0
0	0	0	0	0	0	0	0	0	0	-106	0	0	3.16	3.26	0	0	0	0	-97.9	0	0	0	0	0
0	0	0	0	0	0	0	0	124	-21.6	0	0	0	0	0	0	0	33.5	0	0	0	0	0	0	0
0	0	0	0	0	0	0	0	0	0	0	0	0	0	-43.7	61.9	0	-42.2	0	-2.26	0	0	0	0	0
0	0	0	0	121	0	0	-7.51	0	-101	36.4	0	0	0	0	0	0	0	0	0	0	0	0	0	0
0	0	-112	0	64.1	0	0	0	0	0	0	0	0	0	0	0	0	0	-96	0	0	0	0	0	0
0	0	0	0	0	0	0	0	0	0	0	0	0	0	0	0	0	113	0	0	0	0	0	0	0
0	0	0	0	0	0	0	0	0	0	0	0	0	0	0	0	0	0	0	0	0	0	0	0	0
0	0	0	0	0	0	0	0	0	0	0	0	0	0	0	0	0	0	0	0	-70.3	0	0	75.1	0
0	0	0	0	-8.3	0	0	0	-53.9	0	0	0	0	0	0	0	0	0	0	0	0	0	0	0	0
0	0	0	0	0	0	40.4	0	0	0	0	0	0	0	0	0	0	0	0	-74.5	0	0	0	0	0
-59.2	0	0	0	0	0	0	0	0	0	0	9.2	0	0	0	-119	0	0	0	0	0	0	0	0	0
0	0	0	0	0	0	0	0	0	0	0	-105	0	0	0	0	0	0	0	0	0	0	0	0	0
0	0	0	0	0	-124	0	0	0	0	0	0	0	0	0	0	0	0	0	-64.2	0	0	0	0	0
0	0	0	0	0	48.3	-63.2	0	0	0	0	0	116	0	0	0	-118	0	0	0	0	0	71.5	0	-66.7
0	0	32.7	0	0	0	0	0	0	-132	93.3	0	0	0	0	0	0	0	0	0	0	0	0	0	0
0	0	0	0	0	0	0	0	0	0	0	0	0	0	0	0	0	0	0	0	0	0	0	0	0
0	0	0	0	0	0	16.5	0	0	0	0	0	0	0	0	0	0	0	0	0	0	0	0	0	0
0	0	0	-48.7	0	0	0	0	0	0	0	0	0	0	0	0	0	0	0	0	0	0	0	0	-76.2
0	0	0	0	0	0	0	0	0	0	0	0	0	-53.9	0	0	0	0	0	0	0	0	0	0	-38.8
0	0	0	0	0	0	-3.99	0	0	0	0	0	0	0	0	0	0	0	0	0	0	0	0	0	0
0	0	0	0	0	0	0	0	-87	0	0	0	0	0	0	0	0	0	0	0	0	0	0	0	0
0	0	0	0	0	0	0	0	0	0	0	0	0	18	0	0	0	0	0	0	0	0	0	0	0
0	0	0	0	0	0	0	0	0	0	0	0	0	0	0	0	0	0	0	0	0	0	0	0	0
0	0	0	0	0	0	0	0	0	0	35	0	0	-74.1	0	0	0	0	0	40.6	0	0	0	0	0
-54	0	0	0	0	75.7	0	0	45.9	0	0	0	0	0	0	0	0	0	0	0	0	0	0	0	35.6
0	0	0	0	0	0	0	0	0	0	0	0	0	0	0	0	0	0	30	0	0	0	0	0	0
0	0	0	0	0	0	0	0	0	0	0	38.3	0	0	80.4	0	0	0	0	0	0	0	0	0	0
0	0	75.7	0	0	-40.2	0	0	50.4	0	-24.6	0	0	0	0	0	0	0	0	0	0	0	0	0	4.33
0	0	0	0	0	0	0	0	50.6	0	0	0	0	0	0	0	0	0	0	0	0	104	0	0	0
0	0	0	0	0	0	0	0	-96.1	0	-69.9	0	0	0	0	0	-95.2	0	0	0	0	0	0	0	0
0	0	0	0	0	0	0	0	0	0	0	0	0	0	-88.5	-102	0	0	0	0	0	-84.2	0	0	0
0	0	0	0	0	0	0	0	0	-50.4	0	0	0	0	0	0	0	0	0	0	0	0	0	0	0
0	0	0	0	0	0	0	0	0	0	0	0	0	0	0	0	0	0	0	0	0	0	0	0	0
0	-6.97	1.34	0	0	0	0	0	0	0	0	0	-124	0	0	0	0	0	0	0	0	0	0	0	0
0	0	0	0	0	0	0	0	0	0	0	0	0	0	0	0	0	0	-47.9	0	0	-110	0	0	0
0	110	0	0	0	0	0	0	0	0	0	0	0	0	0	0	0	0	0	0	0	0	0	0	0
0	0	0	0	0	0	0	0	0	0	0	0	0	0	0	0	-60.9	0	0	0	0	0	0	0	-115
0	0	0	0	0	0	0	0	0	0	0	0	0	0	61.4	0	0	0	-118	0	48.8	0	0	0	0
0	0	0	-100	0	0	0	126	104	0	0	16.7	-5.18	0	0	0	0	0	0	0	0	0	0	0	0
0	0	0	3.89	0	0	0	-17.6	0	0	0	0	0	0	0	0	0	0	0	0	0	0	0	0	0
0	21.2	125	0	0	0	0	0	0	0	0	0	0	0	0	0	0	0	0	0	0	0	-33.6	0	0
0	0	0	0	0	0	0	0	0	0	0	0	0	0	0	0	13.6	0	0	0	0	0	0	0	0
0	0	0	0	0	0	0	0	0	0	0	0	0	0	0	0	0	0	0	0	0	0	0	-2.67	0
0	0	0	0	0	0	0	0	85	0	0	0	0	0	0	0	0	0	0	0	0	0	0	0	0
0	0	0	0	0	0	0	0	0	0	0	0	0	0	0	0	0	0	0	0	0	0	0	0	0
0	0	0	0	0	0	0	0	0	0	0	-47	0	-23.8	0	0	0	0	0	96.6	0	0	0	0	0
65.9	0	0	0	0	0	0	0	0	0	0	0	0	0	0	0	0	0	0	76.9	0	0	-14.9	0	0
0	0	0	0	0	0	0	0	0	0	0	0	0	0	0	0	0	0	0	0	0	0	0	0	0
0	0	0	41.6	0	0	0	0	0	0	0	0	0	0	34.1	0	0	0	0	0	0	0	0	0	0
0	0	0	0	0	0	0	0	0	0	0	0	0	0	0	0	0	0	0	0	0	0	0	0	108
0	0	0	0	0	0	39.8	131	0	0	-104	0	0	0	0	0	0	0	0	0	0	0	83.7	0	0
0	0	0	0	0	0	0	0	0	0	0	0	0	0	0	0	0	-68.1	0	0	0	0	0	0	0
0	0	0	0	0	71.3	0	0	0	0	0	0	0	0	0	0	0	0	0	0	0	0	0	0	-105
0	0	0	0	0	0	0	0	0	0	0	0	0	116	0	0	0	-122	0.0893	0	0	0	0	0	0
0	0	0	0	0	0	0	0	-41.8	0	0	0	0	0	0	0	0	0	0	0	0	0	0	0	0
0	0	0	0	0	0	0	0	0	0	0	0	-19.6	0	0	0	0	0	0	0	0	0	0	0	-34.3
0	0	0	0	0	0	34.7	0	0	0	0	0	0	0	0	5.27	0	0	0	0	0	0	0	0	0
0	0	0	0	0	0	0	0	0	70.5	-54.1	0	0	0	0	0	0	0	0	-20.6	0	0	0	-18.1	0
0	0	-55.8	0	0	0	113	0	0	0	0	0	0	41.3	101	0	0	0	-35.6	0	0	51.9	0	0	0
0	0	0	0	0	0	0	0	0	0	0	0	0	0	0	0	0	0	0	0	-62.2	0	0	0	0
0	0	0	0	0	5.06	1.76	0	0	0	0	0	0	0	0	0	0	0	0	0	0	18.5	0	0	0
0	0	0	0	0	86.1	0	0	0	0	0	-16.9	-5.46	0	0	0	0	0	0	0	106	0	0	-42.4	0
0	0	0	0	0	0	0	0	-63.6	0	0	0	0	0	0	0	0	0	29.8	0	0	0	2.84	0	0
0	0	0	0	0	0	0	0	0	0	0	0	0	0	0	0	0	0	0	0	0	0	0	0	0
0	62.7	0	0	82.7	0	0	26.8	0	0	50.2	0	0	0	0	0	0	0	0	0	122	0	0	112	-19.6
0	0	0	0	0	0	0	-74.4	-26.9	0	0	0	0	0	0	0	0	0	0	0	0	0	0	0	0
0	0	0	0	0	0	0	0	0	0	0	0	0	0	0	0	0	0	-78.8	0	0	0	0	0	17.5
0	0	0	0	0	0	0	0	0	0	0	0	0	0	0	0	0	0	0	0	7.2	0	-28.3	0	0
0	0	0	0	0	0	0	0	0	0	0	0	0	0	-7.95	0	0	0	0	76.4	0	0	0	0	0
0	0	0	35.7	0	0	0	0	33.4	0	0	0	0	0	0	0	0	0	0	0	0	0	0	0	0
0	0	0	0	0	0	0	0	0	0	0	86.6	0	0	0	0	0	0	0	0	0	0	0	0	0
0	0	0	0	0	0	0	0	0	-0.32	0	0	0	0	0	0	0	0	10.7	0	0	0	0	0	0
0	0	0	0	0	31.4	0	0	0	-115	0	0	0	0	0	0	69.9	0	0	0	0	0	0	0	0
0	0	0	-30.9	0	0	0	0	0	0	0	0	0	0	0	15.9	0	0	35.8	0	0	0	0	0	0
-70	0	0	0	0	0	0	0	0	0	0	0	0	0	0	0	0	0	-94.5	0	0	0	0	0	0
0	0	-39.9	0	0	0	0	0	0	0	0	1.85	0	92.5	0	0	0	0	0	0	-78.4	0	20	0	0
0	0	0	0	0	0	0	0	0	0	0	0	0	0	0	0	0	0	0	0	0	0	0	0	0
0	0	0	0	0	0	0	0	0	0	0	0	0	0	0	0	0	0	0	0	0	4.14	0	0	0
0	0	0	0	0	0	0	0	0	28.8	0	0	0	0	0	0	0	0	0	0	0	0	0	0	0
0	0	0	-48.4	0	0	0	0	0	0	0	-122	0	125	0	0	110	0	0	0	0	0	0	0	0
0	0	0	0	0	0	0	0	0	0	0	0	0	0	0	0	23.7	0	0	0	-21	0	0	0	0
0	0	0	0	0	0	0	0	0	0	0	0	0	0	0	0	0	0	-42.6	0	0	0	45.6	0	0
0	0	0	0	61	0	0	49.3	0	0	0	0	0	0	0	0	0	0	0	0	0	0	0	0	88.1
0	0	0	0	0	0	0	0	0	0	28.8	0	0	41.2	0	-22.1	0	0	0	0	0	0	0	0	0
0	0	0	0	0	0	0	0	0	0	0	62.1	0	0	-126	0	0	0	0	0	0	0	0	0	0
0	0	0	0	0	0	0	0	0	0	0	0	0	0	0	0	0	0	0	0	0	0	-111	0	0
0	0	0	0	0	0	0	0	0	0	0	0	0	0	0	0	0	0	0	0	-64.5	0	0	0	0
0	0	0	0	0	0	-4.26	0	0	0	0	-61.1	0	0	0	0	0	0	0	0	0	-48.9	0	0	0
0	0	0	0	0	0	0	0	0	0	0	0	0	0	0	0	0	0	0	0	0	0	-17.7	0	0
0	0	0	-102	0	0	0	0	0	0	0	0	0	0	0	0	-127	0	0	0	0	-4.44	0	0	0
0	0	0	0	0	0	0	0	0	0	0	0	0	0	0	0	0	0	0	0	-22.7	0	0	0	66.7
0	0	0	0	-0.184	0	0	31.6	-38.9	0	0	0	0	0	0	0	0	0	0	0	0	0	54.6	0	58.7
0	0	0	0	0	0	128	0	0	0	0	0	0	-83	0	0	0	0	0	0	0	0	0	0	0
0	0	0	0	0	0	0	0	0	0	0	0	0	0	0	24.9	0	0	-86.7	123	0	-29	0	0	0
0	0	0	0	0	0	0	0	113	0	0	0	0	0	0	0	0	-126	0	0	0	0	0	0	0
0	0	0	0	0	0	0	0	0	0	0	0	0	0	0	0	0	0	0	0	-51.1	0	0	0	0
0	0	0	0	0	0	-20.5	-49	0	0	0	0	0	-123	0	0	0	0	0	0	0	0	0	54.5	0
0	0	0	0	0	0	0	0	0	-61.9	0	0	0	0	0	0	0	0	0	0	0	0	0	0	0
0	0	0	0	0	0	0	0	0	0	0	0	0	0	0	0	0	0	0	0	0	0	0	0	0
0	32.7	0	0	0	0	0	0	0	0	0	0	0	0	0	0	0	0	0	0	0	98.6	0	0	131
0	0	0	0	0	0	0	0	0	0	0	0	0	0	0	0	0	-76.5	0	0	0	0	0	0	0
0	0	0	0	0	0	0	0	0	0	0	0	0	0	0	0	0	0	0	0	0	0	0	65	0
0	0	0	0	0	0	0	107	0	0	0	0	0	0	0	0	0	0	0	0	0	0	-0.478	0	0
0	0	0	0	0	0	0	0	0	0	0	0	0	0	0	103	0	0	0	0	0	0	0	0	0
0	0	0	-43.7	0	0	0	0	0	0	0	-125	0	0	0	0	0	0	0	0	0	0	0	0	0
0	0	0	0	0	0	85.9	0	0	0	0	0	24.5	0	0	0	0	0	0	0	0	0	0	0	0
0	0	0	0	0	0	0	0	0	0	0	0	0	0	120	0	0	0	0	0	0	0	0	70	0
0	0	0	0	0	0	0	0	0	0	0	14.5	-75.1	0	0	0	0	0	0	0	0	0	0	0	0
-96.5	0	0	0	123	0	0	0	0	0	0	0	0	0	0	0	0	0	0	0	0	0	0	0	0
0	0	0	78.4	0	0	0	0	0	-131	0	0	0	0	0	0	0	0	0	0	0	22.2	0	0	0
-68.6	0	0	0	0	0	-106	0	0	0	0	0	0	0	0	0	0	0	0	0	-76.5	0	0	0	0
0	0	0	-125	0	0	2.77	0	0	0	0	0	0	0	0	37.3	0	0	0	0	0	0	0	-0.132	0
0	0	0	0	0	0	0	0	0	73.9	0	0	0	0	0	0	0	0	0	0	0	0	0	0	0
0	0	45.8	0	0	-130	0	0	0	0	0	0	0	0	0	0	0	0	0	0	0	0	0	-6.66	25.7
0	0	0	0	0	0	-6.13	0	0	0	0	0	87	0	0	0	0	-52.2	0	0	0	0	0	0	69.2
0	0	0	0	0	0	0	-13.4	0	0	0	0	0	0	0	0	0	0	0	0	54.7	0	0	0	0
0	0	0	0	0	0	0	0	0	0	0	0	0	0	0	0	0	0	0	0	0	0	0	0	98.6
0	0	0	0	0	0	0	0	0	0	0	0	0	0	0	0	0	0	0	0	0	0	0	0	0
0	0	0	0	0	0	0	0	0	72.9	0	0	0	0	0	0	0	0	0	0	0	0	0	0	0
0	0	0	0	0	0	85.4	-106	0	0	0	0	0	0	0	0	0	0	0	0	0	0	0	0	0
0	0	0	0	0	0	90	0	0	0	0	-1.43	0	0	0	0	0	0	0	0	0	0	0	0	0
0	0	0	0	0	0	0	0	0	0	0	0	0	0	0	0	91.7	0	0	0	0	0	0	0	0
0	0	122	0	0	0	0	0	0	0	0	-26	0	0	0	10.3	0	0	0	0	0	0	0	0	0
0	0	0	0	0	-101	0	0	0	0	0	0	0	0	0	0	16.3	0	74.8	0	0	0	0	0	0
0	0	0	0	0	0	-90.6	0	106	0	-18.3	0	0	0	0	0	0	0	0	0	0	0	0	-63.6	0
0	0	0	0	0	0	0	0	0	0	0	0	0	0	0	0	0	0	0	0	-127	51.9	-79.9	0	0
0	0	0	125	0	0	-72.8	0	0	0	0	0	0	0	0	0	0	0	0	0	0	-34.7	0	0	0
0	0	0	0	0	-21.2	0	0	-12.1	0	84.9	0	0	81.1	0	0	0	0	0	0	0	0	76.4	0	0
0	40	0	0	0	0	0	77.7	0	0	0	0	0	0	0	0	0	0	0	0	0	0	0	-70	91.8
0	0	0	0	0	0	0	0	0	0	0	0	0	0	0	0	0	0	0	0	0	0	83.4	0	0
0	0	-32.5	0	0	0	0	0	0	0	0	0	0	0	0	0	0	0	0	0	0	0	0	0	0
0	0	0	0	0	52.6	0	0	0	0	0	0	0	108	0	0	0	0	0	0	75.3	0	0	-113	0
0	0	0	0	0	0	0	0	0	65.2	0	0	0	0	0	0	0	0	0	78.4	0	115	0	0	0
0	0	0	0	0	0	0	0	0	0	0	0	0	0	0	0	0	0	0	0	0	0	0	0	0
0	-99.4	-132	0	0	0	0	0	0	0	0	0	0	0	0	0	0	0	0	0	0	0	0	0	0
0	0	0	0	72.2	87.1	0	0	0	0	0	0	0	0	0	0	0	0	0	-101	0	0	0	0	0
0	0	0	0	53.9	0	-109	0	0	0	0	-48.8	0	0	0	0	0	0	0	0	0	0	0	0	0
0	0	0	0	0	0	0	0	0	0	0	0	0	0	0	0	0	0	0	0	0	0	0	0	0
0	0	0	0	0	0	0	0	0	0	0	0	0	0	0	0	0	0	0	0	0	-1.1	0	0	0
0	0	0	0	0	0	0	0	0	0	0	0	0	0	0	0	0	0	0	0	0	0	0	0	0
0	0	0	0	0	0	0	0	105	0	0	104	0	0	0	0	0	0	0	0	0	-70.4	0	-71.1	0
0	-89.6	0	0	0	5.28	0	0	0	0	0	0	0	65.9	0	-15	0	0	0	0	0	0	0	0	0
0	0	0	0	-128	0	0	0	0	0	0	0	0	12.2	0	0	0	0	0	0	0	0	0	-1.56	87.5
0	0	-97.5	0	0	-36	0	0	0	0	0	0	0	0	0	0	0	-41.4	0	0	0	0	0	0	0
0	0	0	0	0	0	-107	0	0	0	0	0	0	0	0	0	0	0	0	0	49.8	0	0	0	0
0	0	0	0	0	-0.597	0	0	0	0	0	0	-35.6	0	0	0	0	0	0	-54.3	0	0	97.8	0	0
0	0	0	0	0	0	0	0	0	0	0	0	0	0	111	0	0	89	0	0	17.6	0	0	0	0
0	0	0	0	0	0	0	0	0	0	0	-1.54	0	0	0	0	102	0	0	0	0	0	0	0	0
0	0	0	0	0	0	0	0	0	0	0	0	116	0	0	0	0	0	0	0	0	0	0	0	0
0	0	0	0	0	0	0	0	0	0	0	0	-71.2	0	-88	0	0	90.2	-30	0	0	0	0	0	0
0	0	0	0	0	0	0	0	0	0	0	0	0	0	0	0	0	0	0	0	0	130	0	0	0
0	0	0	0	0	0	0	0	0	0	0	0	0	95.5	0	0	0	-123	0	0	0	0	0	0	0
0	0	0	-7.84	0	0	0	-131	0	-69.5	0	0	0	0	0	0	0	0	0	0	0	0	0	0	0
0	-14.6	0	0	0	0	0	-4.64	0	0	0	0	0	0	0	77.4	0	0	0	0	0	0	0	0	0
0	0	0	0	0	0	0	0	0	0	0	0	0	0	0	0	0	0	0	0	0	0	-89.5	0	0
101	0	0	0	0	0	0	0	0	0	0	0	0	0	0	0	0	0	0	70.4	0	0	0	0	0
0	0	0	0	0	0	0	0	0	0	0	0	0	0	-42	0	0	0	0	0	0	0	0	0	0
-77.4	130	0	0	0	0	0	0	118	0	0	103	19.3	0	0	0	0	0	0	25.4	0	0	0	0	0
-114	0	0	0	0	0	0	0	0	0	0	0	0	-21.2	0	0	0	0	0	0	0	0	0	0	0
0	0	0	0	0	0	0	0	0	0	0	0	-14.8	0	0	0	0	0	0	0	0	0	0	0	0
-67.3	99.6	0	0	0	0	0	0	0	64.8	0	0	0	0	0	0	0	0	0	0	0	0	7.88	0	0
0	0	0	0	0	0	0	0	0	0	0	0	0	0	0	0	0	0	0	0	0	0	0	0	0
0	0	0	0	0	0	0	60.4	0	0	0	0	0	0	0	0	0	0	0	0	0	0	0	0	0
0	-42.4	0	0	0	0	0	0	0	0	0	0	0	0	0	0	0	0	0	0	0	0	92.4	0	-83.1
0	0	0	0	0	0	0	0	-106	0	0	0	0	0	0	0	75.2	0	0	0	0	0	0	0	0
0	132	0	0	0	0	0	0	-32.9	0	0	0	0	0	0	0	0	0	0	0	0	0	0	0	0
0	0	0	0	0	0	0	0	0	0	0	0	-49.3	0	0	0	0	0	0	0	0	0	0	0	0
0	0	-10	0	0	0	0	0	-77.5	0	0	-43.8	0	2.48	0	0	67.4	0	0	0	0	0	0	0	0
0	0	0	0	0	0	0	0	0	0	0	0	0	0	0	0	0	0	7.08	0	0	0	0	0	0
-121	0	0	0	-128	0	0	0	0	-48	-38.4	0	0	0	55	0	0	0	0	0	0	54.3	0	0	0
0	0	0	8.98	0	0	0	0	0	0	0	0	0	0	0	0	0	0	0	0	-101	0	0	0	0
-24.9	0	9.73	0	0	0	0	0	0	7.93	0	0	0	0	0	0	0	0	0	0	-8.6	0	0	0	0
0	0	0	108	0	0	0	0	49.5	0	0	-115	0	0	0	0	0	0	0	0	0	0	0	0	0
0	0	102	0	0	0	0	0	0	0	0	0	0	0	0	0	0	0	0	0	0	0	0	0	0
0	0	0	0	0	0	0	0	0	0	0	0	129	0	0	0	0	0	0	0	0	0	0	0	0
0	0	0	0	0	0	0	0	0	0	0	0	0	0	0	0	3.93	0	0	0	0	0	73	0	-67.3
0	7.84	0	0	0	0	0	0	0	0	0	0	0	0	0	0	0	0	0	0	89.3	0	0	0	0
0	0	0	0	0	0	0	0	-13.3	0	0	0	0	0	-81.3	0	0	0	0	0	0	0	0	0	0
0	0	0	0	0	0	0	0	-127	0	0	-125	0	0	0	0	0	0	0	0	0	0	0	0	0
0	0	-88.4	0	0	0	0	0	0	0	0	0	0	0	0	0	0	93.5	0	0	0	0	0	0	0
0	0	0	108	0	0	0	0	0	0	0	-39.9	0	0	0	0	-108	0	0	0	0	62	-27.8	0	0
0	0	0	0	0	-115	0	0	0	0	0	0	0	0	0	0	110	0	0	0	90.8	0	0	0	0
0	0	0	0	0	0	0	0	0	0	0	0	-65.5	0	-73.8	0	0	0	0	0	0	0	0	0	0
0	0	0	0	0	0	0	0	0	0	0	0	0	0	0	-122	0	0	0	0	0	0	0	0	0
0	0	19.2	0	76	0	0	80	0	0	-33.9	0	0	0	0	0	0	0	0	0	0	0	0	0	0
0	0	0	0	0	0	0	0	0	0	0	0	-49.2	0	0	0	0	0	0	0	0	0	0	0	0
0	119	0	0	0	0	-112	0	0	0	0	0	0	0	0	0	0	-126	0	0	0	-70.3	0	0	0
0	0	128	0	0	0	0	0	0	0	-34.3	-27.4	0	0	16.5	0	0	0	0	0	0	0	0	0	0
0	0	0	0	0	0	0	0	0	0	0	0	0	0	0	0	0	0	0	0	117	0	0	0	0
0	0	0	131	0	0	0	0	0	0	0	67.4	0	0	0	0	0	94.1	0	0	0	0	0	0	0
0	0	0	0	0	0	0	0	0	0	0	0	0	0	0	0	0	0	0	0	0	0	52.6	0	0
0	0	0	0	0	0	0	0	0	0	0	0	0	0	0	0	0	0	0	0	0	0	0	0	0
0	0	133	0	0	0	0	0	-117	0	0	0	0	0	0	0	0	0	0	0	0	0	0	0	-73.6
0	54.1	102	0	0	0	0	0	0	-110	0	90.2	-74.9	0	0	0	0	0	0	0	0	0	0	0	50.3
0	0	0	0	-66.3	0	0	0	0	0	0	0	0	0	0	0	0	0	0	126	0	0	78.5	0	0
0	0	0	0	0	0	0	0	0	0	0	0	0	0	0	0	0	0	0	0	0	43.8	0	0	0
0	0	0	0	0	0	0	0	0	0	0	0	0	0	0	0	0	0	0	0	0	0	0	0	0
0	126	0	0	0	0	0	0	0	0	0	0	0	0	0	0	0	0	0	0	0	0	0	0	0
0	0	0	0	0	-91.9	0	0	0	0	0	0	0	0	0	-65.6	0	0	0	0	0	0	0	0	0
0	0	0	0	0	0	0	0	0	0	0	0	0	0	0	0	0	0	0	0	0	0	0	0	0
-81	0	0	0	0	0	0	0	0	0	0	-10.4	0	0	0	0	0	0	0	0	0	0	123	0	19.2
0	0	-87.8	0	0	0	0	0	0	0	0	0	0	0	0	0	0	0	0	0	0	0	-77.4	0	57.4
0	-45.1	0	0	0	0	0	0	0	79.3	0	0	-73.2	0	0	-28.8	0	0	0	0	0	0	0	0	0
0	0	0	-9.03	79.8	0	0	0	0	0	0	0	0	0	0	0	0	0	0	-16.5	0	0	0	62.2	0
0	0	0	0	0	0	0	0	0	0	0	123	0	0	0	0	0	0	0	0	0	0	22.6	96.6	0
0	0	0	0	0	0	0	0	0	0	0	0	0	0	0	0	-58.5	0	0	0	0	0	0	64.2	0
0	0	0	0	0	0	0	0	0	0	0	-92.7	0	0	0	0	-71.8	0	0	0	100	0	0	-62.3	0
0	16.7	0	88	0	0	0	0	-91.1	0	0	-127	0	0	0	0	43.4	0	0	0	0	0	0	-30.5	0
0	0	0	0	0	0	0	0	0	0	0	0	0	0	72.9	0	0	0	0	0	0	0	0	0	51.8
0	0	0	0	0	3.49	0	0	0	0	0	0	0	0	0	0	0	0	0	0	0	0	0	0	27.8
54.3	0	0	39.2	0	-68.1	0	0	0	0	0	-26.2	0	0	0	-89.9	0	0	0	0	0	0	0	0	0
0	0	0	65.4	0	0	0	-111	0	0	32.5	0	-93.9	0	0	0	13.1	0	0	0	0	0	0	0	0
0	0	0	-2.09	0	0	0	0	-55.5	36.6	0	0	59	0	0	0	0	0	0	0	0	0	0	0	0
0	22.6	0	0	0	0	-102	0	0	0	0	0	0	0	0	0	0	0	0	-106	0	-97.6	0	0	0
0	0	0	0	0	0	9.22	0	0	0	0	0	0	0	0	0	0	0	0	0	0	0	0	0	0
-68.3	42.8	0	0	0	0	0	0	0	0	0	60	0	0	0	0	0	0	0	0	0	0	0	0	0
0	0	0	56.3	0	0	0	0	-38.6	4.38	0	0	0	0	0	0	0	0	0	0	0	0	0	0	0
0	0	0	0	0	0	0	0	56.4	0	-98.2	0	0	0	0	0	0	0	0	-91.9	-44.8	0	0	0	0
0	0	0	0	0	0	0	0	0	0	0	0	0	0	0	0	0	0	0	0	0	0	0	0	0
111	0	0	49.1	0	0	0	0	0	0	0	0	-88.9	0	0	0	0	0	-112	0	0	0	0	0	0
0	0	0	0	0	0	-74.9	0	0	0	0	0	0	0	0	0	0	0	0	0	-67.4	0	0	0	0
0	0	0	0	-32.5	0	-95.6	0	0	0	0	0	0	0	0	0	0	0	0	0	0	39.9	0	0	0
0	0	14.9	0	0	0	0	0	0	0	0	0	0	0	0	0	0	0	0	0	0	0	0	0	0
0	0	0	0	0	0	0	0	0	0	0	0	0	0	0	0	0	0	0	0	0	0	0	0	0
0	0	0	0	55.9	0	0	0	0	0	0	88.5	0	-131	0	0	0	0	0	0	0	0	0	0	0
0	0	0	0	0	0	0	0	0	0	0	0	0	0	-27.2	-16.5	0	0	0	0	0	0	0	0	0
0	0	-34.8	0	0	0	0	0	0	0	0	51.8	0	-7.56	0	0	0	0	0	0	0	0	0	0	0
0	0	0	0	-109	0	0	0	0	0	105	-51.9	0	0	0	0	0	0	0	0	0	0	0	0	0
-11.3	0	0	0	0	0	-128	0	0	0	-5.74	0	0	0	0	-112	0	0	0	0	46.9	0	0	0	-6.92
0	0	120	0	116	0	0	0	0	0	0	0	0	0	0	0	0	0	0	0	0	0	0	0	119
0	0	0	0	63.5	0	0	0	75.7	0	0	0	0	0	0	-64	0	0	0	0	0	0	0	0	0
-128	0	0	0	0	0	0	0	0	0	0	0	0	98.3	0	0	0	0	0	0	0	0	0	0	-112
0	0	0	0	0	0	0	0	-97.3	0	0	0	0	0	0	0	0	0	0	0	0	0	0	0	0
0	0	0	0	0	0	0	0	0	0	0	0	0	0	0	0	-107	0	0	0	0	0	0	0	0
0	0	0	0	0	0	0	50.6	0	0	0	0	94	0	0	0	0	0	0	0	0	0	0	0	0
0	0	0	0	0	0	0	0	0	0	130	0	-103	0	0	0	0	0	0	0	0	0	0	0	0
0	0	0	0	0	0	0	0	0	0	0	0	0	0	0	0	0	0	-100	0	0	0	0	0	0
0	0	0	-111	0	0	0	0	0	0	0	0	0	0	0	0	0	0	0	0	0	56.8	0	0	0
0	0	0	0	0	0	0	0	0	0	0	-85.7	0	0	0	0	0	0	0	-120	0	0	0	0	0
0	0	0	55.1	0	0	0	0	0	0	0	0	0	0	0	0	0	0	0	0	0	0	0	0	0
0	0	0	0	0	0	0	0	0	0	-122	0	0	0	-53.7	0	0	0	0	0	0	0	0	0	0
0	0	0	0	0	0	0	0	0	0	0	0	0	0	0	0	0	0	0	0	-96.8	0	0	0	0
0	0	-41.5	0	0	0	0	0	0	0	0	0	0	-112	0	0	0	0	0	0	0	0	0	0	0
0	0	0	0	0	63.2	0	0	0	0	0	0	0	107	88.6	0	0	0	0	0	0	0	0	0	0
0	0	0	0	0	0	0	0	-42.3	0	0	0	0	0	0	0	0	0	0	0	0	0	0	0	0
0	0	0	21.2	0	0	0	0	0	0	0	-23.5	0	0	0	0	0	0	-101	0	0	0	0	0	0
0	0	0	0	0	0	0	0	0	44.7	0	0	0	0	0	0	0	0	0	0	-118	0	0	0	0
-54.7	0	0	0	0	0	0	13.1	0	0	0	0	0	0	0	0	0	0	0	31.5	0	26.6	0	0	0
0	0	0	0	0	-39.4	0	0	0	0	0	0	0	0	0	0	0	0	0	0	0	0	0	0	0
0	0	0	0	0	0	0	21.6	0	0	0	0	0	0	0	0	0	0	0	0	0	0	0	0	0
0	0	0	0	0	0	89.2	123	0	0	0	0	0	0	0	0	0	0	0	0	0	0	0	0	0
0	0	0	0	0	0	0	0	0	0	0	0	0	0	0	0	0	0	0	0	0	0	0	0	0
0	0	0	0	0	55.1	0	0	0	0	0	0	0	0	0	0	0	-77.5	0	0	0	0	0	0	0
0	0	0	0	0	0	0	0	0	20	-96	0	0	0	0	0	0	0	0	0	0	0	0	0	0
0	0	0	0	0	0	0	0	-87.4	0	0	0	0	0	0	0	0	0	0	0	117	0	0	0	0
0	0	0	0	0	0	0	0	0	0	0	0	0	0	-96.5	0	0	0	0	0	0	0	0	0	0
0	0	0	0	0	0	0	0	0	0	0	0	0	0	0	0	0	0	0	0	0	94.7	0	0	0
0	0	0	0	0	0	0	0	0	0	0	0	0	0	0	0	0	0	0	0	0	0	0	0	0
0	0	0	-131	0	0	0	-27.9	0	0	0	-55	0	0	0	0	0	0	0	0	0	0	0	0	0
0	0	0	0	0	0	0	0	0	0	0	0	0	0	0	-71	0	0	0	0	0	0	0	0	0
45.4	0	0	0	0	88.6	0	79.2	38.9	0	0	0	0	-43.8	0	0	0	0	0	0	0	0	0	0	0
0	0	0	0	0	0	-10.7	0	0	0	-42.5	0	-3.83	0	0	0	25.8	0	0	70.3	0	0	0	0	0
88	0	0	0	0	0	0	0	43.5	0	0	-65.1	0	0	-121	0	0	0	0	0	0	0	0	0	0
0	0	0	0	0	-111	0	0	-102	0	0	0	0	0	-14.1	0	0	0	0	0	-70.6	0	0	0	0
-8.24	0	0	0	0	0	0	0	0	0	0	0	0	0	0	0	0	0	0	0	-2.07	0	0	0	0
0	-17.2	0	0	0	0	0	0	0	0	0	0	-75.2	0	0	0	0	0	56.3	0	0	0	0	0	0
0	0	0	-3.12	0	0	0	-1.22	0	0	0	0	0	0	0	0	0	0	0	0	0	0	0	0	0
0	0	0	-132	0	0	0	0	0	0	0	0	0	0	0	103	0	0	0	-75.3	0	0	0	0	0
0	0	0	37.4	0	0	0	0	0	0	0	0	0	0	63.1	1.56	0	0	0	0	0	0	0	0	0
0	-48.3	0	0	0	31.1	67.6	0	0	0	0	0	0	0	0	0	0	0	0	0	0	0	0	0	0
0	0	121	0	0	0	0	0	0	0	0	0	0	0	0	0	0	0	0	71	0	0	0	0	0
0	0	31.1	0	0	0	0	-81.8	0	0	0	0	0	0	0	0	0	0	0	0	0	0	0	0	0
0	0	0	0	0	0	0	0	0	-31.1	0	0	0	0	-104	0	0	0	0	0	0	0	19	0	0
-104	0	0	0	0	0	0	0	0	0	0	0	0	0	0	0	0	0	-73.2	0	0	0	0	115	0
0	0	0	0	0	0	0	0	0	0	0	0	0	0	0	0	0	0	0	0	0	0	0	0	0
0	0	0	0	0	-49.5	0	17	0	0	46.7	0	0	0	0	0	0	-101	0	0	0	0	0	0	-32.9
0	0	0	0	0	0	0	0	-73.5	0	0	0	0	0	0	0	0	0	0	101	0	15.5	0	0	0
-76.5	21.7	0	0	-131	0	0	0	0	0	0	-75.7	0	0	0	0	47.5	0	0	0	0	0	0	0	0
0	0	0	0	0	0	0	0	0	0	0	0	0	0	0	0	0	0	0	67.5	0	33.2	0	83.4	0
0	0	0	0	0	0	0	0	0	-8.24	0	0	0	0	0	0	0	0	0	0	0	0	0	0	0
0	0	-125	50	0	0	-17.6	0	0	0	-16.7	0	0	0	107	0	0	0	31.8	0	0	0	0	0	0
0	0	117	0	0	0	0	0	0	0	0	0	0	0	0	4.01	0	0	0	0	0	0	0	0	0
0	0	0	0	0	0	0	0	0	0	0	0	0	0.00349	0	0	0	0	0	0	0	0	0	0	-23.2
0	0	0	0	0	0	0	0	0	61.3	0	0	0	0	0	0	0	0	0	0	0	0	0	0	0
0	0	0	0	0	-78.8	0	0	0	0	-93.6	0	0	0	0	0	0	0	0	0	0	0	0	0	0
0	0	0	0	0	0	0	0	0	0	0	0	0	0	0	0	0	0	0	0	0	0	0	0	-61.7
116	0	0	0	0	0	0	0	0	0	0	0	0	0	0	0	0	0	0	0	0	0	0	83.6	0
126	0	0	0	0	10.1	0	0	0	0	0	0	0	0	0	59.2	0	0	-99.1	0	0	0	0	0	-24.6
0	0	0	0	0	0	0	0	0	0	0	0	0	0	0	-72.5	0	0	0	0	0	0	0	0	0
0	0	0	0	0	0	0	0	0	0	0	113	0	0	0	0	0	0	0	0	0	0	0	-124	-37.3
0	0	0	0	0	0	-79.2	0	-67.9	0	0	0	0	0	0	0	-78.9	0	0	56.7	0	0	0	0	0
0	0	0	0	0	0	0	0	0	0	0	0	119	0	0	0	0	0	0	36.9	0	0	0	26.5	0
0	0	0	0	0	0	0	0	0	0	0	0	0	0	0	0	0	0	0	0	0	0	66.5	0	0
0	0	0	0	100	0	0	0	0	0	77.3	0	0	0	0	0	0	63.5	0	0	0	0	0	0	0
0	0	0	0	-23.4	-70.3	0	0	0	0	-55.4	0	0	0	0	0	0	0	0	0	0	0	0	0	0
0	2.39	0	0	0	0	0	0	0	0	0	0	0	0	0	0	0	0	0	0	0	-45.7	0	0	0
0	0	0	0	0	0	0	0	0	0	-39.7	0	-60.4	0	0	0	0	121	0	0	0	0	0	0	0
-123	0	24.5	0	0	0	0	-77.9	-41.6	0	0	0	0	0	0	0	0	0	0	0	0	0	0	0	0
0	0	0	0	0	0	0	0	0	0	0	0	0	0	0	0	0	0	0	0	0	0	0	0	0
0	0	0	0	-5.53	0	0	0	73	0	0	0	0	83.2	81	0	0	0	0	-11	0	0	0	0	-67.1
-110	0	0	0	0	0	0	0	0	0	0	0	0	0	0	0	0	0	0	0	0	0	0	0	0
0	0	0	0	0	9.58	0	0	-37.7	0	0	0	0	0	0	0	0	0	0	0	0	0	0	0	0
0	0	0	0	0	0	28.3	0	0	0	0	0	0	0	0	0	0	0	0	0	-41.7	0	0	0	0
0	0	0	0	0	0	0	0	-94.7	0	0	0	-0.328	-36.3	0	-130	0	0	0	0	0	0	0	0	45.9
0	0	0	0	0	0	0	0	0	0	0	0	0	0	0	0	0	0	0	0	0	0	0	0	0
0	0	0	0	0	95.2	-1.24	0	0	0	0	0	0	0	0	0	0	0	0	0	0	0	0	0	39.7
0	0	0	0	0	0	0	0	0	0	0	0	0	0	0	0	0	0	0	-68.3	0	0	0	0	0
0	0	0	-6.92	0	0	0	0	-117	0	0	0	0	16.1	0	0	0	0	0	0	0	81.3	0	0	0
0	0	0	0	0	0	0	0	0	0	0	0	0	0	0	0	0	97.1	0	0	0	0	0	0	0
0	0	0	0	33.6	0	0	0	0	0	0	0	0	-130	0	0	0	0	0	0	0	0	0	0	0
100	0	0	0	0	0	0	0	0	0	0	0	0	0	0	0	0	0	0	-53.2	0	0	63.8	0	0
0	0	0	5.09	0	0	0	0	0	60.8	0	0	0	0	0	0	0	0	0	105	0	36.7	0	0	0
-110	0	0	0	0	0	0	0	0	0	0	0	0	0	0	0	0	0	0	0	0	0	0	0	121
0	0	0	0	104	0	0	0	0	0	0	0	-68.8	0	0	0	0	0	0	0	0	0	0	0	0
0	0	0	0	-22.8	0	0	0	-5.95	0	0	0	0	0	0	0	0	0	0	0	0	0	0	0	0
0	0	0	-3.16	0	0	116	0	0	0	31.5	0	-109	0	-93.7	0	0	0	0	0	0	0	0	0	0
0	0	0	0	0	0	0	90.1	0	0	0	0	0	0	0	99.2	0	0	0	0	0	96.3	0	0	0
0	0	0	0	0	0	0	0	0	0	0	0	0	0	0	0	0	0	113	0	0	0	0	0	120
0	0	0	-88.2	0	0	0	0	0	0	0	0	0	0	0	0	0	0	0	0	0	0	0	0	0
0	0	0	0	0	0	0	0	0	0	0	0	0	0	0	0	0	0	0	0	0	0	0	0	-1.12
-40.3	0	0	-129	0	0	0	112	0	0	0	0	0	0	0	0	0	0	0	0	0	81.7	0	0	0
0	0	0	-32.8	0	0	0	0	0	0	0	100	0	0	0	0	0	0	0	0	0	0	0	0	0
0	0	0	0	0	0	0	0	0	0	0	0	0	0	0	0	0	0	0	0	0	0	0	0	0
0	0	0	0	0	0	0	0	0	0	0	0	0	0	0	0	0	0	0	0	0	0	0	0	0
0	102	0	85.4	0	0	0	-74.7	0	0	0	0	-96.1	0	0	0	0	0	0	0	0	0	0	0	0
123	0	0	-5.53	0	0	-129	0	0	0	0	4.32	0	0	0	0	0	0	0	0	0	18.7	-96.9	-128	0
0	0	0	0	0	0	0	-20.7	0	0	0	0	0	0	0	-52.6	0	0	0	0	0	-11.4	0	0	0
0	-95.8	0	0	0	0	0	0	0	0	0	0	0	0	0	0	0	0	0	0	0	0	0	0	0
0	0	-86.7	0	0	0	0	0	0	0	29	0	0	0	0	-124	0	0	0	0	0	0	-32.1	0	0
0	0	0	0	0	0	0	0	0	0	0	0	117	0	-98.1	0	0	0	0	0	0	0	0	0	0
0	0	0	0	0	0	0	0	0	0	0	0	0	0	0	0	0	0	0	73.7	0	0	0	0	0
0	0	0	0	0	0	0	0	0	0	0	0	0	0	0	0	0	0	0	0	0	0	0	0	0
0	0	-112	0	0	0	0	106	0	0	0	0	0	0	28.3	0	0	0	-68.9	0	0	0	0	0	0
0	0	0	0	0	0	0	0	0	0	0	0	0	0	0	0	0	0	0	0	0	0	0	0	0
0	0	0	0	0	0	0	0	0	0	0	0	0	0	0	-111	0	0	0	0	0	0	0	0	0
0	0	0	0	0	0	0	0	0	0	0	0	0	0	0	0	0	0	0	0	0	39	0	-25.8	97.8
0	125	0	0	-57.5	0	0	0	0	0	0	95.4	0	0	0	0	0	0	0	-113	0	0	0	0	0
71.2	0	0	0	0	0	0	0	0	0	0	0	-121	0	-99.9	0	0	0	0	0	0	0	0	-115	0
0	-116	0	0	0	0	0	0	0	0	0	0	0	0	0	0	0	0	0	0	0	0	0	0	0
0	0	89.2	0	0	0	63.8	0	-7	0	0	0	0	0	0	0	0	0	0	0	0	0	0	0	0
0	0	0	0	0	0	26	0	0	0	0	121	0	0	0	0	0	0	0	0	0	0	0	0	0
0	0	-33.2	0	0	0	0	0	0	0	0	0	0	-66.6	0	0	0	0	0	0	0	0	0	0	0
0	0	0	0	0	0	0	0	0	23.8	0	0	0	0	0	0	0	0	0	0	0	0	59.5	0	0
-18.9	-32.3	0	0	0	0	0	0	0	55.1	0	0	0	0	0	0	0	126	0	0	0	0	0	0	0
0	0	0	0	0	0	0	0	0	0	0	0	0	0	0	130	0	0	0	0	0	0	106	0	0
0	0	0	0	0	0	0	0	0	0	0	0	0	0	0	0	0	0	0	0	0	0	0	93.6	0
0	0	0	0	0	0	0	0	0	0	0	0	0	0	0	0	0	0	-32	0	0	0	0	0	0
0	0	0	0	0	0	0	70.9	0	0	0	0	0	0	0	0	0	0	0	0	0	0	0	0	0
0	94.7	0	0	0	0	56.3	0	0	0	0	0	0	0	0	0	0	0	0	0	0	86.4	0	0	0
0	0	0	0	0	0	0	0	-130	0	0	0	0	0	-4.34	0	0	0	0	-43.3	0	0	0	0	0
88.8	0	0	-101	0	-67.4	0	0	0	0	0	0	57.9	0	0	81.2	0	0	0	0	0	0	0	0	0
0	103	0	0	43.9	0	0	0	0	119	0	-55.3	0	0	0	0	0	0	0	-55.2	0	0	0	0	-44
0	0	0	0	0	0	-114	0	0	0	0	0	0	-11.3	0	0	0	0	0	0	0	0	0	0	0
0	0	0	0	0	0	0	0	0	0	0	0	0	0	0	0	0	0	0	0	0	106	0	0	0
0	0	0	0	0	0	0	0	0	0	0	-42.1	0	0	0	0	0	0	0	0	0	0	0	121	0
0	0	0	0	0	0	0	0	0	0	0	112	6.87	0	0	0	0	0	0	0	0	0	119	0	0
0	0	0	0	0	0	0	0	0	0	0	0	0	0	0	7.31	0	26.4	0	0	0	0	0	0	0
0	0	123	0	0	0	0	0	0	0	0	0	0	0	0	0	0	-84.2	0	0	0	0	0	0	0
0	0	0	0	0	0	0	-28.5	0	18.8	0	-47.5	0	0	0	0	0	0	-13	-1.01	0	0	0	0	0
0	0	0	0	0	0	0	0	0	0	-59.8	0	0	0	0	0	0	0	0	0	0	0	0	0	0
0	0	0	0	0	0	0	-42.2	0	0	0	0	0	0	0	0	118	0	0	13.8	-3.4	0	0	0	0
0	0	0	0	0	0	0	0	-92.8	0	0	0	0	-106	0	0	0	0	0	-96.4	0	0	0	0	0
0	0	0	72	0	0	0	0	0	0	0	-70.2	0	0	0	0	0	0	0	0	0	0	-56.4	0	0
0	42.6	73.2	0	0	0	0	0	0	-54.6	0	6.66	0	0	0	0	96.3	0	0	-31.8	0	0	0	0	0
0	0	0	-61.3	0	0	6.41	0	-92	-46.6	0	33	0	-47.9	0	0	0	0	0	-52.2	0	0	0	0	0
0	0	0	0	0	0	0	0	0	0	0	10.2	0	0	0	0	0	0	0	0	0	0	0	0	0
0	0	0	0	94.6	0	0	0	0	0	0	0	0	0	-73.5	0	0	0	0	0	0	0	0	0	0
0	0	0	0	0	0	0	0	0	13.7	0	0	0	0	0	0	0	0	0	0	0	0	0	0	0
0	0	0	0	0	0	0	0	0	0	0	0	0	0	0	0	0	0	0	0	15.3	0	0	0	0
0	0	0	0	0	0	0	0	0	0	0	0	-73.8	0	21.4	0	0	0	0	0	0	0	0	0	0
0	0	0	0	0	0	0	0	0	0	0	0	0	0	0	0	0	0	0	0	0	0	0	0	0
0	0	0	0	0	1.3	0	0	-49.3	0	0	0	0	0	0	-44.5	0	0	0	0	0	0	0	0	0
0	0	0	0	0	0	0	0	0	0	0	0	0	-74.8	0	0	-73.9	0	18.4	0	0	98.5	0	0	0
0	0	0	0	0	0	0	0	-63.3	0	0	0	0	0	0	0	0	0	0	-47.1	0	0	0	0	0
0	0	0	0	0	0	0	0	0	0	0	0	0	0	0	-41.6	0	0	0	0	0	0	0	129	0
0	0	0	0	0	0	0	0	0	0	-123	0	0	0	-37.9	0	0	0	0	0	0	-97	0	0	0
0	0	0	0	0	0	0	-99.7	0	0	0	0	0	0	55	0	-17.4	0	0	0	0	0	0	0	0
0	0	0	0	0	0	0	0	0	0	0	39.9	0	0	0	111	0	0	0	0	0	0	0	0	0
0	0	0	0	0	0	0	-11.1	0	0	-2.46	0	0	40.3	0	0	0	0	0	0	0	0	0	96.3	-92.6
0	0	0	0	0	0	0	0	0	39.4	0	0	0	0	0	0	0	17.6	0	0	0	0	0	0	0
0	-20.8	0	0	0	-95.6	0	0	0	0	0	0	0	0	56.9	0	0	0	-113	0	0	0	-100	0	0
0	0	0	0	0	0	35.8	0	0	-50.7	0	0	0	0	0	0	0	0	0	0	0	0	0	0	0
0	0	0	0	0	0	0	0	0	0	0	0	-102	0	0	0	0	0	0	-13.8	0	0	-17.4	0	0
0	0	0	0	0	0	0	0	0	0	0	0	0	0	72.4	0	0	0	0	0	0	0	0	0	0
6.71	0	0	0	0	0	0	0	0	0	0	86.9	0	0	0	0	0	0	46.2	0	0	96.5	0	0	0
0	0	0	0	0	0	0	0	4.43	0	-28.5	0	0	0	0	0	0	0	0	0	-67.1	14.8	-41.5	0	0
0	0	0	0	0	0	0	0	0	0	1.56	0	0	0	0	0	70.5	0	0	0	0	0	0	0	0
17.5	-118	0	0	0	0	0	0	68	0	0	0	0	0	0	0	78.9	0	0	0	0	0	0	0	0
0	0	0	0	0	0	0	0	0	0	0	0	0	0	0	0	0	52.3	0	0	0	0	0	0	0
