0	0	0	0	0	0	0	0	0	16.6	0	0	0	0	0	0	0	0	0	0	36.8	0	0	0	0
0	23.3	0	0	0	0	0	0	0	0	0	0	0	0	0	0	0	0	72	0	0	0	0	0	0
0	0	0	0	0	-66.5	0	0	0	0	0	0	0	0	0	0	0	0	0	36.2	0	0	0	0	34.4
0	0	0	0	0	0	-39.2	0	0	0	0	0	0	0	0	0	0	0	0	0	0	0	0	0	0
0	0	0	0	0	0	0	0	0	0	0	0	40.7	0	0	0	0	0	0	0	8.07	-25.7	0	0	0
0	-59.5	1.42	0	0	0	0	-17.2	0	-48.3	0	0	0	0	0	0	0	0	0	0	0	0	0	0	0
0	0	0	0	0	0	0	0	0	0	40.3	0	0	0	0	0	0	0	0	0	0	0	0	0	0
0	0	0	0	0	0	0	0	0	0	0	0	0	0	0	0	0	0	0	0	0	0	0	0	0
0	0	0	0	0	0	-59.2	0	70.7	0	57.4	0	0	0	-36.5	0	0	0	22.4	0	0	0	0	0	0
0	0	0	0	0	0	0	0	0	0	0	0	0	0	0	-23.8	0	0	0	0	0	0	0	0	0
0	0	0	0	0	0	31.7	0	0	66	0	0	0	0	0	0	55	0	0	-15.2	0	0	24.4	0	0
0	0	52.4	0	0	0	0	0	0	0	0	0	0	0	0	0	0	0	0	0	0	0	0	0	0
0	0	0	0	0	0	0	0	0	0	0	0	0	0	0	0	0	0	0	0	20.4	0	0	0	0
0	0	0	0	72.1	0	0	26.5	0	0	0	0	-1.43	0	0	0	0	0	0	0	0	0	0	0	0
0	0	0	0	0	0	69.1	0	52.6	-49.1	0	0	0	0	0	0	0	0	32.4	0	0	0	0.461	0	0
0	0	-18.8	0	0	0	0	0	0	0	0	0	11.1	0	0	0	0	0	0	0	0	0	0	0	0
0	0	0	-60.3	0	0	0	0	55.4	0	0	0	0	0	0	0	0	0	0	0	0	0	0	0	0
0	0	0	0	0	0	0	0	0	0	0	0	0	28.8	0	0	0	0	0	-38.8	0	0	0	0	0
0	0	0	0	0	0	0	0	0	-16.1	0	0	0	0	0	0	0	0	0	0	0	0	0	0	-3.58
0	0	0	51.3	0	0	0	0	0	0	0	40.6	0	0	0	0	0	0	0	0	0	0	0	0	0
0	0	0	0	0	0	0	0	0	0	0	0	-52.7	0	0	0	0	0	0	0	0	0	0	0	0
0	0	0	-43.7	0	0	0	0	0	0	0	0	0	0	0	0	0	0	0	0	0	0	0	0	0
-30.7	0	0	0	-16.6	0	0	0	24.8	0	0	0	0	41.6	0	0	0	0	-30.2	0	0	0	0	0	0
0	0	0	0	-75.6	0	0	0	0	0	0	65.3	0	0	0	0	0	0	0	0	0	40.7	0	0	0
0	0	0	36.3	0	0	0	0	0	0	0	0	0	0	0	-21.9	-7.65	0	-3.62	-60.5	0	0	0	44.6	0
0	0	75.7	0	0	0	0	0	0	0	0	0	0	-5.22	0	-4.65	0	0	0	0	0	0	0	0	0
0	0	0	0	0	0	0	10.5	0	0	0	0	0	0	0	0	0	0	0	0	0	0	0	0	0
0	-17.2	0	0	0	0	0	0	0	0	0	-70.1	0	0	0	0	-59.2	0	0	0	0	0	0	0	0
0	0	-75.4	0	0	0	0	0	-51.6	0	-13.1	0	-53.6	0	0	0	0	0	0	0	0	0	0	0	0
0	0	0	0	-15.5	0	0	0	0	0	0	0	0	0	0	0	0	0	-16.7	0	0	0	0	0	0
0	0	4.03	0	0	0	0	0	0	0	0	0	-45.4	0	0	0	0	0	4.19	0	0	0	7.07	0	0
0	0	0	0	0	0	0	0	0	0	59.4	0	0	0	0	0	0	0	-44.2	0	0	0	0	8.79	0
0	0	0	0	0	0	0	0	0	0	0	-61.4	0	0	0	0	0	0	0	0	0	0	0	0	0
0	0	0	0	0	0	0	0	0	0	0	0	0	0	0	0	39.2	0	0	0	0	0	0	-12.5	0
0	0	-41.3	0	0	0	0	0	0	0	0	0	0	0	73.1	0	0	0	0	17.9	0	0	0	0	0
0	0	0	0	0	0	0	0	0	-19.5	0	0	0	38.8	25.7	0	0	0	0	0	0	0	0	0	0
0	71.8	0	0	52	0	0	0	0	0	0	0	0	0	0	0	0	0	0	0	0	0	0	0	0
0	0	0	0	0	0	0	0	9.18	0	0	0	0	-19.9	0	0	0	0	-13.2	0	0	0	0	0	0
0	0	0	0	0	0	0	0	0	0	0	0	0	0	0	0	0	0	0	0	0	0	0	0	0
0	0	-22.5	32.6	0	0	0	0	0	0	0	0	0	0	0	8.47	25.2	0	0	0	19.3	0	0	0	0
0	0	0	0	0	0	36.2	0	0	0	38.5	0	0	0	0	0	0	34.7	0	0	0	0	0	0	0
0	0	0	0	0	-67.5	0	36.6	0	0	1.75	0	0	0	0	0	0	0	-41	0	58.3	62.8	0	0	0
0	0	0	0	0	0	0	0	0	0	0	0	0	0	22.9	0	0	0	0	0	0	0	0	0	0
0	0	0	0	0	0	0	0	0	53.8	0	0	0	0	0	0	0	42.5	0	0	0	0	0	0	0
0	0	0	0	0	0	0	0	0	0	0	-65.7	0	0	0	-70.5	-33.1	0	0	0	0	0	0	0	0
0	0	0	0	0	0	0	0	0	0	0	0	0	0	0	0	0	0	0	0	0	0	0	0	0
0	0	0	-26.5	0	0	0	0	0	0	0	0	0	0	46.9	-60.8	64.3	0	0	0	0	0	0	0	0
0	0	0	0	0	0	0	49.9	0	0	0	0	0	0	0	0	0	46.1	0	0	73.9	0	0	0	0
0	0	0	0	0	24.1	0	-64.5	0	0	0	0	0	0	0	0	0	0	46.9	0	0	0	-11.3	0	0
0	18.3	0	0	0	0	0	0	0	0	0	0	0	-71.6	0	0	0	0	0	0	58.5	-2.54	0	0	0
0	0	0	0	0	0	0	0	0	0	0	0	0	0	0	0	0	0	0	0	0	0	0	0	0
-26.8	-53.1	0	0	0	0	0	0	59.4	0	0	0	0	0	0	0	44.2	0	0	0	-35.1	0	0	0	0
0	0	0	0	0	0	0	0	0	0	0	48.7	0	0	0	-29.8	0	0	0	0	0	0	0	-51.6	0
0	0	0	0	0	0	0	0	0	0	0	0	0	0	0	0	0	0	0	0	0	0	0	0	-45.6
0	0	0	0	0	0	0	0	0	0	0	0	0	0	0	0	0	0	0	0	0	0	0	0	13.9
0	0	0	-16.8	-23.4	0	0	0	0	0	0	0	0	0	0	0	0	-18.9	0	0	0	0	0	0	0
0	0	0	0	0	0	0	0	0	0	0	0	0	0	0	0	0	0	0	0	0	0	0	0	0
0	0	0	0	0	31.7	0	0	0	0	0	0	0	42.3	0	-50.2	0	0	0	0	0	0	0	0.417	0
0	0	0	0	0	0	0	0	0	0	0	0	0	0	0	0	0	0	0	12.9	0	-71.6	0	0	0
0	0	0	0	0	0	0	0	0	0	0	0	0	0	0	0	0	0	0	0	0	-30.7	0	0	0
0	0	0	0	0	55.4	0	0	0	0	0	0	55.7	0	0	0	0	0	0	0	0	0	0	0	0
-63.1	0	0	0	0	0	0	0	0	0	0	-73.5	0	0	0	0	0	-66.7	0	0	0	0	0	0	0
0	0	0	0	0	0	0	0	0	0	-15.4	0	3.47	0	0	0	0	0	0	0	0	0	0	0	0
0	0	25.4	0	0	0	0	0	19.3	10.5	0	0	0	0	0	0	0	0	20.2	0	0	0	-58.5	0	0
0	0	0	0	0	0	0	-28.7	0	0	0	0	0	0	0	0	0	19.6	0	0	0	0	0	0	0
0	-34	0	0	0	0	0	0	0	0	0	0	0	0	0	0	0	0	0	0	0	0	0	0	0
0	0	0	0	0	0	0	0	0	0	0	0	0	0	0	0	0	0	-48.5	0	0	0	0	0	0
0	0	0	0	0	0	0	0	0	0	0	0	0	-20.1	0	0	62.3	0	-60.3	0	0	0	0	0	0
0	0	0	0	0	0	0	0	0	0	0	0	0	0	0	0	0	0	0	0	0	0	0	0	64.1
0	0	0	0	0	0	0	0	0	4.15	0	0	0	0	47.8	0	63.6	0	0	0	0	0	0	0	0
0	0	0	0	0	0	0	0	0	0	0	0	0	0	7.36	0	0	0	0	0	0	0	0	0	-44.8
0	0	0	0	0	0	0	0	0	0	0	0	0	0	0	0	0	0	0	0	0	0	0	0	28.5
-28.2	0	0	0	0	0	0	0	0	0	27.8	0	0	0	0	0	0	0	0	0	0	0	0	28.8	0
0	0	0	0	0	0	0	0	0	0	0	0	-42	0	0	0	0	0	30	0	0	0	0	0	0
0	0	0	0	0	0	0	22.7	0	0	0	0	0	0	0	0	0	0	-0.253	0	0	0	0	0	0
0	0	0	0	0	0	0	-3.98	0	35.8	54.9	-39.1	0	0	-50.5	0	0	0	0	0	0	0	0	0	0
0	0	0	0	0	0	0	0	0	18.5	0	0	0	0.086	0	0	0	0	0	0	0	0	0	0	0
0	0	0	0	0	0	0	0	0	0	0	0	0	0	0	0	0	0	36.7	0	0	0	0	0	0
0	0	0	0	0	0	0	0	58.3	0	0	0	0	0	-66	-22.1	0	0	0	0	0	0	0	0	0
0	0	0	0	0	0	0	0	0	0	0	0	0	0	0	0	0	0	0	0	0	0	0	0	0
0	0	-34.5	0	0	0	0	0	0	0	0	60.6	0	0	0	0	0	0	0	48.3	0	0	0	0	0
0	-45.1	0	-67.3	0	0	0	0	0	-56.1	0	0	18.2	0	0	0	0	0	0	0	0	0	10.4	0	0
0	0	55.4	0	0	0	0	0	0	0	0	0	0	0	-3.24	0	0	0	0	0	0	0	0	0	0
0	0	0	0	0	0	0	0	0	0	0	0	0	0	0	0	0	0	0	0	0	30.5	0	0	0
-59.9	0	-70.5	0	0	0	0	0	0	0	0	0	0	0	0	0	0	0	0	0	0	0	0	0	0
0	0	0	0	0	0	22.1	0	0	0	0	0	0	-58.5	0	0	0	0	0	0	-57.9	0	60.5	0	0
0	0	0	0	0	0	0	0	0	59.5	0	0	0	0	16.2	0	0	0	0	0	0	33.2	0	0	0
0	0	0	0	0.387	0	0	0	0	-26.3	0	0	0	0	0	0	0	0	0	0	0	0	0	0	0
0	0	0	0	0	49.7	0	0	-30.8	0	0	9.68	0	0	0	0	0	0	0	0	0	0	0	0	0
0	0	0	0	0	0	0	0	0	0	0	0	0	0	0	49.9	0	0	0	0	0	0	0	0	0
0	0	0	0	0	0	0	0	0	0	0	-18.1	0	0	47	0	0	0	0	0	48.3	0	0	0	0
0	35.9	0	0	0	0	0	0	0	0	47.2	0	0	0	0	0	0	-41.2	0	0	0	0	0	0	0
0	0	0	0	0	0	0	-28.9	0	0	0	0	-51.6	0	0	0	0	0	0	0	0	0	0	0	0
0	0	0	0	0	0	0	0	0	0	0	0	0	0	-45.6	42.8	0	0	0	0	56.4	0	0	0	0
0	69.7	0	-38.9	0	0	0	0	0	0	0	0	0	0	0	5.65	0	-26.8	60	0	0	0	0	0	0
0	0	0	0	0	0	-23.2	0	0	0	0	0	0	0	0	0	0	58.8	0	0	-5.84	0	0	0	0
0	0	0	0	0	0	0	0	0	0	0	0	0	0	-13.3	0	0	0	0	0	0	0	0	0	0
0	0	0	0	0	0	0	0	0	0	3.58	-30.3	0	0	0	0	0	0	0	0	0	0	0	0	6.31
0	0	0	0	0	0	0	0	0	43.4	0	0	0	0	0	0	0	0	0	26.9	0	0	0	0	0
-23	0	0	0	0	0	0	0	0	0	0	0	0	0	0	0	0	10.5	0	0	0	0	0	0	0
0	0	0	0	50.1	0	0	-18.7	0	47.9	0	0	0	0	0	0	0	0	0	0	0	0	26.5	0	0
28.3	0	76	0	0	-9.79	0	60.7	0	0	-37.3	0	0	0	0	0	0	0	0	0	72.6	0	0	0	74.6
-7.11	0	-39.8	52.7	0	-64	0	0	0	0	0	0	0	0	0	-33.8	0	0	0	0	0	0	0	0	0
0	0	0	0	0	0	0	0	0	0	-24.9	0	0	0	0	0	0	0	0	0	0	0	0	0	0
0	0	0	0	-22.9	0	0	0	-3.67	0	0	0	0	0	0	0	0	54.2	0	0	0	0	0	0	0
0	0	58.4	0	0	0	0	0	0	0	0	0	0	0	-19.1	0	0	0	0	0	0	0	-18.9	0	0
0	0	0	-56.7	0	0	0	0	0	0	0	0	0	0	0	0	0	0	17.7	0	0	0	-57.7	0	0
0	0	0	0	-45.4	0	0	0	0	-55.3	0	0	0	0	0	0	0	0	0	-53.9	0	0	0	0	0
0	-0.364	0	0	0	0	0	0	50.6	0	0	0	0	0	0	0	68.9	75.1	0	0	-44.1	0	0	0	0
0	0	0	0	0	0	0	0	0	0	0	0	0	0	0	0	0	-46.9	0	0	-75.4	0	0	0	0
0	0	0	0	0	0	0	0	0	0	0	0	0	0	0	0	0	0	0	0	0	0	0	0	-39.1
0	0	0	0	0	0	0	0	0	0	0	0	0	0	0	0	0	0	0	0	0	0	0	0	66.7
0	0	0	44.9	0	0	0	0	0	0	0	0	0	0	0	0	0	0	5.36	0	0	0	0	0	0
0	0	40.8	0	0	0	0	0	0	8.54	0	0	0	0	0	0	0	17.9	0	0	0	0	0	0	0
0	0	0	0	0	0	0	0	0	0	0	0	-34.8	0	0	0	0	0	0	0	0	0	0	0	0
0	0	0	0	0	0	0	0	0	0	0	0	0	0	0	0	0	0	0	0	0	0	0	0	0
0	0	0	0	0	0	24.6	49.4	0	0	0	0	0	0	0	0	0	0	0	0	-38.7	6.41	0	0	0
0	0	0	0	0	0	0	0	0	0	0	0	0	0	0	53.6	0	0	0	0	0	0	-57	0	0
0	0	0	0	0	0	0	0	0	0	0	0	0	0	0	0	0	0	0	0	0	0	0	0	0
0	0	0	70.8	0	0	0	0	0	0	0	0	0	0	0	0	42.2	0	0	0	0	0	0	0	0
0	0	0	0	0	0	0	0	0	0	-25.7	0	0	0	0	0	0	0	0	0	0	0	0	0	0
0	0	0	0	0	0	-73.5	0	0	13.2	0	0	0	0	0	0	0	0	0	0	0	66.9	75.9	0	0
0	42.6	0	0	0	0	0	0	0	0	0	0	-3.08	0	0	0	0	0	0	0	0	0	0	0	50.1
0	0	0	0	0	0	0	0	0	41.5	0	0	0	0	0	-68	0	0	0	0	0	0	0	0	0
0	0	0	0	0	0	0	0	0	0	0	0	0	0	0	0	0	0	0	0	-66.4	0	0	0	0
0	0	0	0	0	-48.5	0	0	0	0	-40.2	-11.4	0	0	0	0	0	0	0	0	0	0	0	0	0
0	0	0	0	0	0	30.4	0	0	0	0	0	0	0	0	0	0	0	0	0	0	-33.3	0	0	-49
-17.4	0	0	0	0	0	0	0	0	0	0	0	0	0	0	0	0	0	10.5	0	0	0	0	0	0
0	0	0	0	0	0	55.2	0	0	0	0	0	0	0	0	0	0	0	-72.9	0	0	0	64.1	0	0
0	0	0	51.3	0	0	0	0	0	0	0	0	0	0	0	0	0	0	0	0	0	0	0	0	0
0	0	0	0	0	0	23.8	0	0	0	0	0	0	0	0	0	0	0	0	0	70.3	0	0	0	0
0	0	0	-50.9	0	0	0	0	0	0	0	0	0	0	0	0	0	0	0	0	0	0	0	0	0
0	0	0	0	-9.7	0	0	0	0	-34.6	0	0	0	0	69.6	0	0	0	0	0	0	0	0	0	0
0	37.2	0	0	-45.2	0	0	0	0	0	0	0	0	0	0	0	0	0	0	0	0	0	0	0	0
0	0	0	41.2	0	-45.5	0	0	0	0	0	0	0	0	0	0	0	-43.6	0	0	0	35.1	0	0	0
0	0	0	43.8	0	0	0	0	44.9	0	0	0	74.8	0	0	31.1	0	0	0	0	0	0	0	0	-72.1
0	0	0	0	0	0	0	0	0	-28.1	0	0	0	0	0	0	0	0	0	0	0	-75.3	0	0	0
0	0	0	0	0	0	0	0	0	0	0	0	0	0	0	0	0	0	-39.7	0	0	0	0	0	0
0	0	0	0	-33.7	0	48.7	0	0	0	0	0	0	0	19.6	0	0	-13.3	0	-22.6	0	0	0	0	0
0	0	0	0	-21.3	0	0	0	0	0	0	0	0	0	0	0	0	0	-32.8	0	0	0	-44.3	0	0
0	0	0	0	0	0	0	0	0	0	0	0	0	0	0	0	0	60.5	0	0	0	0	0	0	0
0	0	0	0	0	0	0	0	0	-29.3	60.4	0	0	0	0	0	58.9	0	0	73.9	0	0	0	0	-55.1
0	62.6	0	0	0	0	0	0	0	0	0	0	0	64.3	6.14	0	0	0	0	0	0	0	0	0	0
0	0	0	0	0	0	0	0	0	0	-8.93	0	-25.1	0	0	0	0	0	0	-60.5	0	0	0	22.9	36.4
0	0	0	0	0	0	0	0	0	0	0	-12.3	-35.6	0	0	0	0	0	0	0	0	-25.7	0	0	0
0	0	0	0	0	43.9	0	0	0	0	0	0	0	0	0	0	0	0	0	0	0	0	0	0	0
0	0	0	-72.7	0	0	0	0	0	0	-69.2	0	0	0	0	0	0	0	0	20	0	0	0	0	0
0	0	0	0	0	0	0	0	0	0	0	-45.5	-31.3	0	0	0	0	0	0	0	0	0	0	0	0
0	0	0	0	0	0	-16	44.5	0	0	0	0	0	0	0	0	0	0	0	0	0	0	0	0	0
0	0	0	0	0	0	0	0	0	0	0	0	0	-43.1	0	0	0	0	0	0	0	0	0	0	0
0	58.4	0	0	0	0	0	0	0	0	0	0	0	0	66.8	0	0	0	0	0	68	6.34	0	0	0
0	70.1	0	0	0	0	0	0	0	0	0	0	0	-65.8	0	0	-46	-5.16	0	0	0	0	0	0	0
0	0	0	0	0	0	0	-61.6	0	0	0	-25.2	0	0	-42.1	0	0	0	0	0	0	0	0	0	0
0	0	0	0	0	0	0	0	0	0	0	0	0	0	0	0	0	0	0	0	0	0	0	0	-36.6
0	0	0	0	0	8.32	0	0	0	0	0	0	0	0	-25.9	0	0	0	0	0	0	0	0	0	0
0	21.6	0	0	0	0	0	0	0	0	0	0	0	0	0	0	0	0	0	0	0	-54.9	0	0	13.2
0	0	0	29.9	0	0	0	0	0	0	0	0	22.7	0	0	0	0	0	0	0	0	0	0	0	44.5
0	0	0	0	0	0	0	0	0	0	0	0	0	0	0	0	0	0	0	-59.2	0	0	0	0	50.9
0	0	0	0	0	0	0	0	0	0	0	0	0	0	0	0	0	0	-69.6	0	0	0	0	0	0
0	0	39.2	0	0	0	-4.4	25.8	0	0	0	0	0	0	-15.1	0	0	0	0	0	0	0	0	0	0
0	70.2	64.9	0	0	0	7.68	0	0	0	0	0	0	0	40.4	0	0	-26.8	0	0	-9.14	0	0	0	0
0	0	-32.9	0	0	0	0	-74	0	0	0	0	0	0	0	0	0	0	0	0	0	0	-41.3	0	0
-75.8	0	0	0	0	0	0	0	0	0	0	0	0	0	0	0	59.9	0	0	0	0	21.3	0	0	0
0	0	0	0	0	0	0	0	0	0	0	0	5.63	0	-47.3	0	54.3	0	0	0	0	0	0	0	0
0	0	0	0	0	0	-30.3	-50.5	0	0	0	0	0	0	0	0	0	0	30.7	0	0	0	0	0	0
3.49	0	0	0	0	0	0	0	0	0	0	0	0	0	0	0	0	0	0	0	0	0	0	0	0
0	0	0	-12.6	0	55.6	0	0	0	0	0	0	0	0	0	0	0	0	0	0	0	0	0	0	0
40.2	-69	0	0	0	0	0	0	0	24.4	0	0	0	0	-36.5	-25.7	0	0	0	0	0	0	0	0	0
0	0	0	0	0	0	-18.5	0	0	0	0	0	0	0	0	0	0	0	0	-2.9	0	0	0	0	0
0	0	0	0	0	0	0	0	0	0	0	0	0	0	0	0	0	0	0	0	0	10.8	0	40.5	0
0	0	0	0	0	0	0	0	0	0	0	0	0	0	0	0	0	0	0	0	0	0	0	0	0
4.71	0	0	0	0	0	0	-4.3	0	0	0	0	0	0	0	0	0	-47.1	-62.6	0	0	0	0	0	-75.8
0	0	0	0	0	0	0	0	0	0	0	0	0	0	0	0	0	-1.54	0	0	0	0	0	0	0
29.8	0	0	0	0	0	-13.4	-57.9	-39.7	0	0	0	0	0	0	0	-11.5	0	0	0	0	0	0	0	0
0	60.8	0	0	0	0	0	0	0	0	0	0	0	0	0	0	0	0	0	0	0	0	0	0	0
0	0	0	0	0	0	0	0	0	0	0	0	0	0	0	0	0	0	0	0	0	74.4	0	0	0
0	0	0	-21.3	0	0	0	0	0	0	0	0	44.9	0	0	0	0	0	0	0	0	0	0	-55.1	0
0	0	0	-55.5	0	0	0	0	0	-60.1	0	0	0	0	0	0	45.3	0	0	0	0	0	0	0	0
-6.23	0	0	0	0	0	0	0	0	0	0	0	0	0	0	0	0	65.4	0	0	0	0	0	0	0
0	0	0	0	0	0	0	0	0	0	0	42.7	0	0	0	10.4	0	0	0	0	0	0	0	0	0
50.9	0	0	0	0	0	0	0	0	0	0	0	0	0	0	0	0	-19.2	0	0	0	0	0	0	0
0	0	0	0	0	0	0	0	0	0	53.6	0	0	0	0	-36.8	0	0	0	0	0	0	-69.5	0	0
0	0	0	0	0	0	0	0	0	0	0	0	0	0	0	0	0	0	0	0	0	0	0	0	0
0	0	0	0	0	0	0	0	0	0	0	0	0	0	0	0	0	45.7	0	0	0	0	0	0	0
0	0	0	0	0	0	0	0	0	0	-19.4	0	0	0	0	0	0	0	0	0	0	0	0	0	23.4
0	0	0	0	0	0	0	0	0	51.2	0	0	0	0	15.8	0	0	0	0	0	0	0	36.3	0	0
0	0	0	0	0	0	-33.8	0	0	0	0	51.7	0	0	0	0	0	-34.9	0	0	0	0	0	0	0
0	-6.81	0	0	-62.1	0	0	0	0	0	-53.6	0	0	0	0	0	0	0	0	0	27.4	0	0	0	0
0	0	0	0	-33.8	0	0	0	-52.4	0	0	0	0	-4.65	0	0	0	0	0	0	0	0	0	0	0
0	-28.8	0	0	0	0	71.3	0	0	-33.5	0	0	0	0	0	0	0	0	0	0	0	-26.3	0	0	0
0	0	0	0	0	0	0	0	0	0	0	0	0	0	0	0	0	0	0	0	0	0	0	0	0
0	0	0	0	0	0	0	0	0	74.9	0	0	0	0	0	0	0	0	0	0	0	45.2	0	0	25.4
0	0	0	-27.9	0	0	0	0	0	0	0	0	0	0	0	0	0	0	0	-26.3	0	0	0	0	0
0	0	0	0	0	0	0	0	0	0	0	0	41.4	0	0	27.6	0	7.05	0	0	0	-70.5	0	0	0
0	0	0	0	0	0	0	0	24.6	0	0	0	0	0	0	0	0	0	0	0	0	0	0	0	0
0	0	-24.6	0	0	0	-34.7	0	0	0	0	0	0	0	0	0	0	0	0	0	0	0	0	0	0
0	-21.9	0	0	0	0	0	0	0	0	0	0	0	0	0	0	0	0	0	27.3	0	0	0	0	0
0	0	-9.59	0	0	0	0	0	0	0	-15.2	0	29.2	54.8	0	0	0	0	0	52.1	0	0	0	0	0
0	0	0	0	0	0	0	0	0	0	0	0	0	51.6	0	30.1	0	0	0	-49	0	0	0	0	0
0	0	0.967	0	0	0	0	0	0	0	71.2	0	0	0	0	0	0	0	0	0	0	0	0	0	0
0	0	16.3	0	0	0	0	0	0	0	0	0	0	0	64.6	35.7	0	0	0	0	15.4	0	0	0	0
0	0	29	0	0	-31.8	0	0	0	53.1	0	0	0	0	0	26.6	0	0	0	0	-19	0	0	0	35.3
0	55.3	0	0	0	0	0	0	0	0	0	0	0	0	0	0	0	-47.9	0	0	0	0	0	0	0
0	0	0	0	0	0	0	0	0	0	0	0	-69.1	0	-41.8	0	0	0	0	0	0	0	0	0	0
-15.1	0	0	0	0	0	0	-64.2	0	0	0	0	31.6	0	0	0	15.5	0	0	0	0	0	0	0	0
0	0	0	0	0	0	0	0	0	0	0	0	41.9	0	0	0	0	0	0	53.1	0	-30.1	0	0	0
0	0	0	0	0	0	0	0	0	0	0	0	0	0	0	0	0	0	0	0	0	0	-22	0	0
0	0	0	0	0	0	0	0	0	0	0	0	0	0	0	0	0	0	0	0	65.7	0	0	0	0
0	0	10.8	0	0	20.9	0	0	0	0	0	0	0	0	0	-67.2	0	0	0	0	0	0	0	0	0
0	0	0	0	0	0	50.9	0	0	0	0	0	0	0	0	0	0	0	0	0	-48.5	0	0	0	0
0	-38.6	0	0	-36.3	0	0	0	0	0	0	0	0	0	0	0	0	0	0	0	0	0	0	0	0
0	-22.6	-16.6	0	0	0	-26.8	0	0	0	0	0	0	0	0	0	0	0	0	0	0	0	0	0	0
57.2	-52.9	0	0	0	43.2	0	0	0	0	0	0	-32.5	0	0	0	0	0	0	0	0	0	0	0	0
0	0	0	0	0	0	0	0	0	0	62.3	10.4	0	0	0	51.5	74.4	0	0	0	0	0	0	0	0
0	0	0	0	0	0	0	51.7	0	0	-6.6	0	0	0	0	0	0	55.9	0	0	0	0	0	0	0
0	0	0	0	0	0	0	0	0	0	0	-48.5	0	-42	0	-13.6	0	0	0	0	0	0	0	0	0
0	0	0	0	0	0	0	-19	0	0	0	0	0	0	0	0	0	0	0	64.1	0	0	0	0	59.3
0	0	0	0	0	0	0	0	0	0	0	0	0	-5.6	0	0	0	0	0	0	0	0	0	0	0
0	0	0	0	0	0	0	0	0	0	0	0	0	0	-58.2	0	0	0	0	0	0	0	0	0	0
0	0	0	0	0	0	0	0	0	0	7.98	0	0	0	0	0	0	0	0	0	0	0	0	15.5	0
0	0	25.8	0	0	0	-18.6	0	0	0	0	0	19.6	0	0	0	0	0	0	0	4.07	0	0	0	0
0	0	0	0	0	0	0	0	0	0	0	0	0	0	0	0	0	0	0	0	0	0	0	0	0
0	0	0	0	0	64.4	0	0	0	0	24	0	0	0	0	0	-5.3	0	0	14.7	0	0	0	54.7	-25
0	0	0	0	0	0	0	0	0	28	0	0	0	0	0	0	0	0	0	-8.74	0	0	0	0	0
0	58.4	0	0	0	0	0	0	0	0	0	0	0	0	0	0	0	0	0	0	0	0	0	-0.338	0
0	0	0	0	0	59.6	0	0	0	0	-25.9	0	0	0	0	0	0	0	0	0	0	0	0	0	0
0	0	0	0	0	0	0	0	0	0	0	0	0	0	0	0	0	0	0	0	0	0	0	0	0
0	0	0	-13.6	0	-56	-5.21	0	0	0	0	0	0	0	0	15	0	0	0	0	0	0	0	0	0
0	0	0	0	0	0	0	0	0	0	0	0	0	0	0	68.4	0	0	0	0	0	0	0	-21.7	0
0	4.38	0	0	0	0	0	0	0	3.8	0	0	0	0	0	0	0	0	0	0	0	0	0	0	-2.81
0	0	0	0	0	0	0	0	0	0	0	0	0	0	0	0	0	0	0	0	0	0	0	0	0
0	0	0	0	0	-9.24	0	0	0	0	0	0	0	-7.76	0	0	0	0	0	0	0	0	9.57	0	0
0	0	0	0	0	-17.6	0	0	0	0	0	-28.5	0	0	0	0	0	0	0	0	0	0	0	0	0
0	0	-20.4	27.6	0	45.2	0	0	0	0	0	0	0	0	0	0	0	0	0	0	0	0	0	0	-42.9
0	0	0	0	0	0	0	0	0	0	0	0	0	0	0	0	0	0	0	43.1	0	0	0	0	0
0	0	0	50.1	0	28.3	0	0	-18.6	0	0	0	48.4	0	0	0	0	0	0	0	0	0	0	0	0
0	0	0	0	0	0	0	0	0	0	0	0	0	0	0	0	0	0	0	0	0	0	0	0	0
0	0	0	0	0	0	0	0	-68.8	0	0	0	0	0	0	0	0	0	0	0	0	0	0	0	0
0	0	0	32	0	0	-9.38	0	-31.6	0	0	0	0	0	0	0	0	0	0	0	15.8	0	0	0	0
0	-31.6	0	0	0	0	0	0	0	0	0	0	0	13.7	0	0	0	0	0	-24.7	0	0	0	0	0
0	0	0	0	0	0	0	0	0	0	0	0	0	0	0	-48.5	0	-19.9	0	0	0	0	0	0	0
0	-55.1	0	0	0	0	-23.1	0	0	0	0	0	0	0	0	0	0	0	-3.94	0	0	0	0	0	0
13.2	0	0	0	0	0	0	0	71.8	0	0	0	0	0	0	0	0	0	0	0	0	0	66.9	0	0
0	0	0	-70.3	0	0	0	62.8	0	0	-65.1	0	0	0	0	0	0	0	-45.1	0	0	0	0	0	0
0	0	0	0	0	0	0	-73.6	-70.7	0	0	0	0	0	59.5	0	0	0	0	0	0	0	7.1	8.45	0
0	0	0	0	0	0	0	0	0	0	0	28.8	0	0	0	0	16.9	0	0	0	0	0	0	0	0
0	-67.4	0	0	0	0	0	0	0	0	0	0	0	-24.6	0	0	0	0	-41.6	0	0	0	0	0	0
0	0	0	0	0	0	0	0	-65.4	0	0	0	0	0	0	0	0	0	0	0	13.5	0	0	0	0
0	0	61	48.8	0	0	0	0	0	-63.4	0	41.3	0	0	0	0	0	0	0	0	0	0	0	0	0
0	0	63.6	0	0	0	-33.2	0	0	22.4	0	0	0	0	0	0	0	0	0	-10.8	0	0	0	0	0
0	0	0	-55.1	-59	0	47.9	0	0	0	-9.78	0	0	3.28	0	0	52	0	0	0	0	0	0	0	0
0	0	0	0	0	0	0	0	0	0	0	0	0	0	-14.2	0	0	0	0	0	0	0	0	75	0
0	0	0	0	0	0	0	0	0	0	0	0	0	66.2	0	0	0	0	0	0	0	0	0	0	0
0	0	0	8.98	0	0	0	0	0	0	0	0	15.4	0	0	0	0	0	0	0	0	0	0	0	0
0	0	0	0	0	0	0	-25	0	0	0	0	0	0	0	0	0	0	0	0	0	0	0	0	0
0	0	0	0	0	0	0	0	0	0	0	0	0	0	0	0	0	0	53.9	0	0	0	0	0	0
28	-56	0	0	0	0	0	0	0	0	0	0	0	0	0	0	0	0	64.4	0	0	0	0	0	0
0	0	0	0	0	0	0	0	0	0	21.2	-1.62	0	0	0	0	-12.9	0	0	0	0	0	0	0	0
49	0	0	0	0	0	0	0	0	0	0	0	0	-36.6	0	0	0	0	0	30	0	0	0	0	0
0	0	0	0	0	0	0	0	0	75.8	0	0	0	0	0	0	0	0	0	0	0	0	0	0	0
0	0	0	-68.3	0	0	0	0	-71.9	0	0	0	0	0	0	0	0	0	0	0	0	0	0	0	0
0	0	0	0	0	0	0	0	0	0	-15.4	0	-52.2	25.9	0	0	0	0	0	0	0	0	0	0	-68
0	0	0	0	0	0	0	0	0	0	0	0	0	0	0	-51.5	0	0	0	0	0	0	0	0	0
0	0	0	0	0	0	0	0	0	0	0	0	0	0	0	0	0	0	0	0	0	0	0	0	0
0	0	0	0	0	0	0	0	0	0	0	0	0	0	0	-69.3	0	0	0	0	0	0	0	-33.1	0
0	0	0	0	0	0	0	0	0	0	0	0	0	0	0	0	0	0	0	0	0	0	0	8.16	0
0	0	0	0	0	0	0	0	0	0	0	0	0	0	0	0	0	-45.3	0	0	6.65	0	0	0	-52.9
73.7	0	0	0	0	-21.1	0	0	0	-45.2	0	0	0	0	0	-42.5	0	-71.4	0	0	0	-75.4	0	0	0
0	73.3	0	0	0	0	-20.5	0	0	0	0	-51.7	0	0	0	0	0	0	0	0	0	0	0	0.0763	0
0	0	0	0	0	0	0	0	0	0	0	75.3	0	0	0	0	0	0	0	0	0	0	0	0	0
-8.39	0	0	0	-68.1	0	0	0	0	0	0	0	-59.9	0	0	0	0	0	49.5	0	0	0	0	0	0
0	0	0	53.5	0	0	0	0	0	0	0	0	0	0	0	0	0	0	0	0	0	0	0	0	0
0	0	0	0	0	0	0	58.2	0	0	0	0	0	0	0	0	0	45.2	0	0	0	0	0	0	0
0	0	0	0	0	0	0	0	0	0	22.4	0	0	0	0	0	0	0	0	0	0	0	0	0	0
0	0	0	0	0	0	0	0	0	0	0	0	0	0	40.9	0	0	0	0	0	0	0	0	0	-12.4
0	0	18.3	0	0	0	0	0	0	0	0	0	0	0	0	0	0	0	0	0	0	0	0	0	0
0	0	0	0	0	0	0	0	-41.3	0	0	0	0	0	0	0	0	39.3	-43.9	0	0	2.1	0	0	0
0	0	0	0	48.5	0	0	0	0	0	0	0	0	0	0	0	0	0	-72.1	45.8	0	0	0	0	71.6
0	0	0	44.3	0	0	0	0	0	0	0	0	0	57	0	0	-28.6	0	0	0	0	0	0	0	0
0	0	0	0	0	0	0	0	0	0	-1.68	0	-50.1	0	0	0	0	0	0	0	0	0	0	0	0
-70	0	0	0	0	0	0	0	0	0	0	0	0	0	0	0	0	-72.7	0	0	0	0	0	-1.54	0
0	0	0	0	0	0	0	0	0	0	0	0	0	0	0	0	0	0	0	-20.8	0	0	0	0	0
0	0	0	0	0	0	0	0	0	0	0	0	0	0	0	0	0	0	0	0	0	0	0	-31	41.6
0	0	0	62.8	0	0	0	0	0	0	0	0	0	0	0	0	4.53	0	0	0	0	0	24.9	0	52.1
0	0	-10.1	0	0	0	0	0	0	0	0	0	0	0	0	5.49	0	0	0	0	0	0	0	0	0
0	0	0	0	0	0	-70.4	0	0	0	0	0	0	0	0	70.6	0	0	0	0	0	5.34	0	0	0
0	0	0	0	0	23.2	0	0	57.7	0	3.15	0	19.5	0	7.74	0	0	0	0	0	0	0	0	0	0
0	0	0	0	0	0	0	0	0	0	-22.3	0	-63.2	0	0	0	0	0	-40	0	0	0	0	0	0
0	0	0	0	0	29.1	0	0	0	0	0	0	0	0	0	9.72	0	0	0	0	0	0	0	0	0
-36.2	0	0	0	0	0	0	0	0	0	0	0	0	0	27	0	0	0	0	0	0	0	0	0	0
15.2	0	0	0	0	0	0	0	-63.7	0	0	0	0	0	0	0	-14.3	0	0	-0.234	0	0	0	0	0
0	0	0	0	0	0	0	0	0	0	0	0	-24.6	0	0	0	0	0	0	0	0	-48.4	0	0	0
0	-11	0	0	0	0	-66.3	0	0	-17.7	0	0	0	0	0	0	0	0	0	0	0	19.3	0	0	-28.3
0	0	0	0	10.5	72	0	0	0	0	-46.4	0	0	0	0	0	0	0	0	0	0	0	0	0	0
0	0	0	0	0	0	0	0	0	18.1	0	0	0	0	19	0	0	0	0	0	0	0	0	0	0
0	0	0	0	0	0	0	0	0	-32.3	0	0	0	0	-71.6	0	0	0	0	0	0	0	0	-61.6	0
0	0	0	0	0	0	43.2	0	0	0	0	0	0	0	0	0	0	0	0	0	0	0	0	0	0
0	0	0	0	0	0	0	0	0	0	0	0	0	0	0	0	0	0	0	0	0	0	0	0	0
0	0	0	0	0	-16.6	0	0	0	0	0	0	0	0	27.7	0	0	0	0	54.3	-0.366	0	-73	0	0
0	0	0	0	0	0	0	0	-56.7	0	-20.3	0	0	0	0	75.2	0	0	0	0	0	0	0	0	0
0	0	0	0	0	0	0	0	0	0	0	0	0	37.5	-50.5	0	0	0	0	0	-7.66	0	0	0	0
65.6	0	0	-4.55	0	0	0	0	0	0	0	0	-46.7	0	0	0	0	0	36	0	0	0	0	0	0
0	0	0	0	0	0	0	-43.9	0	0	0	0	0	0	0	0	0	0	0	0	0	0	0	-38.6	0
0	0	0	0	0	40.2	0	0	0	0	0	0	0	0	0	-16.9	0	0	-6.71	0	0	0	0	0	0
0	0	0	0	0	0	0	0	0	0	0	0	0	0	0	0	0	0	0	0	0	0	0	0	0
0	0	0	0	0	0	0	-59.4	47.9	0	0	0	0	0	0	0	0	-17.7	0	0	0	13.4	0	0	-12.5
-17.2	0	0	0	0	0	0	0	0	0	31	0	0	-11.9	0	0	0	0	-0.0325	0	0	0	-68.6	0	0
0	38	0	0	0	-16.9	0	0	0	0	0	0	0	0	0	0	0	0	0	0	0	0	-18.2	0	-45.3
0	0	0	0	0	0	0	0	24.3	0	0	0	0	0	8.01	0	6.64	0	0	0	0	0	0	0	0
0	0	0	-25.7	0	0	0	0	-63.2	0	0	-64.3	0	0	0	0	0	0	0	19	0.877	0	0	0	0
0	0	0	0	0	59.9	0	-13.1	0	0	0	0	0	0	0	0	0	0	0	0	0	0	0	0	0
0	0	0	0	28.6	0	0	0	0	0	0	0	39.1	0	0	0	0	0	0	30.7	0	0	0	-20.5	0
0	0	0	0	0	0	0	0	9.32	0	0	0	0	0	0	0	0	0	48.7	0	0	0	0	0	0
0	0	7.23	0	0	0	0	0	0	19.7	0	0	0	0	0	0	0	0	0	0	0	-33.2	0	0	-58.6
0	0	0	0	0	0	0	0	0	0	0	0	0	0	0	0	0	0	0	-20.6	0	0	0	0	0
0	0	0	0	0	0	0	0	0	0	0	0	0	0	0	0	0	0	0	69.4	0	0	0	0	0
0	0	0	0	0	75	-17.3	0	0	21.1	0	0	0	0	-61.4	-35.1	0	0	0	0	0	-22.3	0	0	0
0	0	0	-49.4	0	0	0	0	0	0	0	0	0	-15.9	74.5	0	0	0	0	0	0	0	0	0	0
-41.9	0	0	0	0	0	0	0	0	0	0	0	0	0	0	0	0	0	0	0	0	0	0	0	0
0	0	0	0	0	0	0	0	0	0	0	-53.6	0	0	0	0	0	0	0	0	0	17.1	0	0	0
0	0	59.3	0	0	0	0	0	0	0	-28.8	0	0	0	0	0	0	0	0	66.8	0	0	-3.94	0	12.7
0	0	0	45.1	0	0	0	0	0	0	0	8.67	0	0	0	0	0	-3.28	0	0	-1.15	-74.2	0	0	0
0	0	0	0	0	0	0	0	0	0	0	0	0	0	0	0	0	0	0	0	0	0	0	0	0
0	0	0	15.4	0	0	0	0	0	0	0	0	0	0	0	0	-17.2	0	0	0	0	0	-23.8	0	0
0	-21.4	0	0	0	0	0	0	15.6	0	0	0	0	0	0	0	0	0	0	0	0	0	0	0	0
0	0	0	-37.5	0	0	0	0	0	0	0	0	0	0	0	0	0	0	0	0	0	0	60.9	0	0
0	0	0	0	0	0	0	0	0	11.2	0	0	0	0	0	0	0	0	62.3	0	0	0	0	44.4	0
0	0	0	0	63.7	0	0	30.5	0	0	0	0	0	0	0	0	0	0	0	0	0	0	0	-49.1	0
0	-25.2	0	0	0	0	21.1	0	0	0	0	0	0	0	0	0	0	0	0	0	0	0	-65.9	0	0
0	0	0	0	0	0	-40.6	0	0	0	0	0	0	0	0	-35.8	0	0	0	0	0	0	0	0	0
0	0	0	0	0	0	0	0	0	0	0	0	0	0	0	0	41.4	0	0	0	0	0	0	0	0
0	0	0	0	0	0	0	0	0	0	56.6	0	0	0	0	0	0	0	0	0	0	0	0	0	0
0	0	25.9	0	0	0	0	0	0	0	0	0	0	0	0	-17.6	0	0	-75.2	0	0	0	0	0	0
0	0	0	0	0	0	0	0	0	0	0	0	0	0	-53.3	0	0	0	0	0	0	0	0	0	0
0	0	0	0	0	-71.6	0	0	0	0	0	0	0	0	0	0	0	0	0	0	0	6.73	0	0	0
0	0	0	-1.31	0	0	0	0	0	0	0	0	0	0	10.4	0	0	0	0	0	0	-47.8	0	0	0
0	0	0	-19.6	0	0	0	0	0	0	0	0	0	0	57.9	0	0	0	0	0	0	0	-59.5	0	0
0	0	0	0	0	0	0	0	66.5	0	0	0	0	0	0	0	0	0	0	0	0	0	0	0	1.94
-53.4	0	0	0	0	0	0	0	61.2	0	0	0	0	0	0	0	0	0	-48.2	0	30.6	0	0	0	0
0	0	0	0	0	0	0	22.9	0	0	47.6	0	0	0	0	0	24.6	0	0	0	0	0	0	0	0
18.3	0	0	0	0	0	0	0	0	0	0	0	0	0	0	0	0	0	0	0	0	0	0	0	-48.4
0	0	0	0	0	0	0	0	0	0	0	3.36	0	0	0	0	0	0	0	0	0	0	0	0	0
0	0	0	0	10.2	0	0	0	0	0	-30.5	0	0	-36.8	-21.6	0	29.8	-8.2	0	0	0	0	0	0	0
0	0	0	0	0	11.5	66.9	0	0	0	0	0	0	0	29.9	0	17.3	0	67.9	0	0	0	0	0	-73.5
0	0	0	0	0	0	0	-19.3	0	0	0	0	0	0	0	0	-40.2	0	0	0	0	0	0	0	0
0	0	0	0	0	0	0	0	0	0	0	0	0	0	-69.2	0	0	0	0	0	0	0	0	0	0
0	0	0	0	0	0	0	0	0	-1.04	0	0	0	0.968	0	0	0	0	0	0	0	0	0	0	0
0	74.8	0	0	0	73.9	0	0	0	0	0	0	0	0	0	0	0	0	0	0	0	0	0	0	0
0	0	-9.55	0	0	0	0	0	0	0	0	0	0	0	0	0	0	0	0	0	0	0	0	0	9.79
0	22.6	0	0	48.3	0	0	0	0	0	0	0	0	0	0	0	0	0	0	0	0	0	0	0	0
0	0	0	0	34.1	0	0	72.6	0	0	0	0	0	0	41	0	0	0	0	0	0	0	0	0	0
0	0	0	0	0	0	0	0	0	0	0	0	0	0	7.75	0	0	0	0	0	0	0	0	0	0
-42.9	0	0	30.6	0	0	64.8	0	0.124	0	0	0	0	0	0	0	0	-30.1	0	0	0	0	0	0	0
0	0	0	0	0	0	0	0	0	0	0	0	0	0	0	0	0	0	-38.1	0	0	0	0	0	0
0	0	0	0	0	-9.45	0	0	0	0	0	36.6	0	-43.7	0	0	-70	0	0	0	0	0	54.9	0	0
0	0	0	0	0	0	0	0	0	0	0	0	73.5	0	0	0	0	0	0	0	0	0	0	0	0
0	0	0	0	0	0	0	0	0	-58.8	0	0	0	0	0	0	0	0	0	0	0	0	0	0	0
0	0	0	-47.6	0	0	0	0	0	0	0	74.6	0	0	-53.9	0	0	0	0	0	0	0	0	0	0
0	0	-59.7	0	42.1	0	-11.1	0	0	0	0	0	0	0	0	0	0	0	47.9	6.83	0	0	0	0	0
0	0	0	0	0	0	0	0	0	0	0	0	0	0	0	0	0	0	0	0	0	0	0	0	0
0	0	0	0	0	0	0	0	0	0	0	0	0	0	28.9	0	0	0	0	0	0	0	0	0	-38.4
0	0	0	0	0	0	0	0	-52.3	0	0	45.9	-66	0	0	0	0	0	0	0	0	0	0	0	0
0	-5.17	0	0	0	0	0	0	23.7	-7.73	0	0	0	0	0	0	0	69.3	0	0	0	0	-61.1	0	0
0	0	0	45.3	0	0	0	0	0	-38.6	0	0	0	28.8	0	0	0	0	0	0	0	0	0	0	0
0	0	0	69	-41	0	50.7	0	0	5.2	0	0	0	0	0	0	0	0	0	0	0	0	0	0	0
-64	-32.1	0	0	0	0	0	74.6	0	0	0	0	-6.49	0	0	0	0	0	0	0	0	0	0	0	0
-70.9	0	0	0	0	29.2	0	0	0	0	0	-54.6	0	0	0	0	0	0	0	0	0	0	0	0	0
0	0	0	0	0	0	0	0	0	0	0	0	0	0	0	0	0	0	0	0	0	0	0	0	0
0	0	0	0	0	0	0	0	0	0	0	0	0	0	0	0	0	0	0	0	0	0	0	0	0
0	0	0	0	0	0	0	0	0	0	0	0	0	0	0	0	0	0	0	0	0	38.3	0	31.5	0
0	0	0	0	0	0	0	0	0	0	0	0	0	0	0	0	0	0	0	0	0	0	0	0	0
23.7	0	-59.8	0	0	0	0	0	0	0	0	0	0	0	0	-75.9	0	0	0	0	-4.17	0	0	0	0
0	0	0	0	0	0	0	0	0	0	0	0	0	0	0	0	0	0	0	0	0	0	0	0	0
0	0	0	0	0	0	0	0	0	0	0	0	0	0	0	0	0	0	0	0	0	0	0	0	0
0	64.3	0	0	0	0	0	0	0	0	0	0	0	0	0	0	0	0	0	0	0	0	0	0	0
0	0	0	0	0	0	0	0	0	0	0	0	0	0	0	0	0	0	0	0	0	0	0	0	0
0	0	0	0	0	0	0	0	0	0	0	0	0	34.3	0	13.2	0	0	0	0	0	0	0	-28	0
0	0	0	-47.1	0	-51.3	0	0	0	0	0	0	41.3	0	0	0	0	0	0	0	0	0	11	0	-21
0	0	0	0	0	0	0	0	0	0	37.5	0	0	0	0	0	0	0	0	0	0	0	56.7	0	0
0	0	0	0	0	0	0	0	0	0	0	0	0	0	0	61.7	0	0	0	0	0	0	0	0	0
0	0	0	0	0	0	0	0	0	0	0	0	0	0	-5.77	53.3	0	0	0	0	0	0	-0.0163	0	0
0	0	0	0	0	0	0	0	0	0	0	0	0	0	0	0	0	0	0	0	0	0	0	0	0
0	-49.7	0	0	0	0	0	0	0	0	0	0	0	0	0	0	0	0	0	0	0	0	0	0	0
0	69.6	-62.5	0	0	70.2	0	0	0	4.83	0	0	-37.6	0	0	0	-15.9	0	0	0	0	0	0	0	0
0	74.1	0	0	0	0	0	0	0	0	0	0	0	0	9	0	0	-48.1	0	0	0	0	0	0	0
0	0	0	0	0	-65.5	0	0	0	0	0	0	0	0	0	0	-4.22	0	0	0	0	0	0	-14.3	0
0	0	0	0	0	0	0	0	0	0	0	0	0	0	0	0	0	-16.1	-38.6	0	0	0	0	0	0
0	0	0	0	0	0	0	0	0	0	0	0	0	7.17	0	0	0	0	0	0	0	0	0	0	0
0	0	0	0	0	0	0	0	-7.41	-14.7	0	0	0	0	0	0	0	25.2	63.2	0	12.8	0	0	0	0
0	0	0	0	0	0	0.49	0	0	0	0	0	0	11.1	0	0	0	0	0	0	0	0	0	0	0
0	0	0	0	0	0	0	0	0	0	0	0	0	0	0	0	0	0	0	0	0	0	26.1	0	0
0	0	-64.3	0	0	0	8.18	0	0	0	0	0	0	0	0	0	-41.1	0	-7.5	0	0	-53.2	0	0	0
0	0	0	0	0	0	0	0	19.5	0	0	0	0	0	60.6	0	0	0	0	0	0	0	0	-31.3	0
0	0	0	0	0	0	0	0	0	0	-22.8	0	0	0	0	0	0	69.6	-59.4	0	24.3	0	0	0	0
0	0	0	0	0	0	0	0	0	0	0	0	0	0	0	-55.7	0	0	0	-31	0	0	0	0	0
0	0	0	0	0	0	0	0	0	0	0	-1.2	0	0	0	0	0	0	0	0	0	0	0	0	0
24.9	0	0	0	0	0	0	0	0	0	0	0	0	0	0	0	0	0	0	-61.2	0	0	0	0	0
0	0	0	0	0	0	0	0	0	0	0	0	0	0	0	23	0	0	0	0	0	0	-39.5	14.9	0
0	0	0	0	0	0	0	0	0	0	0	40.6	0	0	0	0	0	23.2	0	-11.7	0	0	0	0	0
0	0	0	0	0	0	19.4	0	0	0	0	0	0	0	0	0	0	0	-26.5	0	0	0	0	0	50.6
0	0	0	0	0	0	-9.14	0	0	0	-47.4	0	0	0	0	0	0	0	0	0	0	0	0	0	0
0	0	0	0	0	0	6.18	0	0	0	0	0	0	13.1	4.38	0	0	0	0	0	0	0	0	0	0
0	-51.3	0	0	0	0	0	0	0	0	0	0	0	0	8.22	9.15	0	0	0	-70.1	0	0	0	0	0
0	0	0	0	0	51.8	0	0	0	0	0	0	0	0	0	0	-42.7	0	0	0.781	0	0	43.2	0	0
0	41	0	34.3	0	0	0	0	-37.2	0	0	0	0	0	0	-29	0	0	0	0	0	0	0	0	0
-10.1	0	-3.32	0	0	-22	0	0	0	0	0	0	0	0	0	0	0	0	0	0	0	0	0	0	0
-70.2	0	0	0	0	0	0	0	-37.9	0	0	0	0	0	0	0	0	0	0	0	0	0	0	0	57.1
0	0	17.2	0	0	0	0	0	0	0	0	0	0	0	0	0	0	0	0	0	-30	0	0	0	0
29.3	-39.8	0	0	0	0	0	38.7	0	0	0	0	-33	0	0	0	0	0	0	0	-72.9	0	0	-8.86	0
0	0	0	0	0	0	0	0	0	0	0	-26.6	0	0	22.3	0	0	0	0	0	0	0	0	0	0
0	0	0	0	0	0	0	-41.1	0	0	0	0	0	0	0	0	0	0	0	0	0	0	0	20.6	0
0	0	0	0	0	0	71.3	0	0	0	59	0	0	0	0	0	0	0	0	-45.9	0	0	0	0	0
0	0	0	0	0	0	0	0	0	0	0	0	0	0	0	0	0	0	0	0	0	0	0	0	0
0	0	48.6	0	0	0	0	0	0	0	0	0	-53.7	22.9	0	0	0	0	0	0	0	0	0	0	0
0	0	0	0	0	0	0	0	0	0	0	0	0	0	0	0	0	0	-32.5	0	0	0	0	0	0
0	0	0	0	-53	0	0	0	0	0	0	0	0	0	0	0	0	0	0	0	0	-53.3	0	0	30.8
0	0	0	0	0	0	0	0	0	0	0	0	0	0	0	0	0	0	0	0	0	71.7	0	0	0
0	0	0	0	0	0	0	0	47	0	0	0	0	0	0	-39.4	0	0	0	0	0	0	0	0	0
0	13.3	0	0	0	0	0	-51.7	0	28.9	0	25.6	0	-2.92	0	0	0	0	0	0	0	0	0	0	0
0	0	0	-41.2	57.7	0	0	0	0	63.2	0	0	0	0	0	0	0	0	0	0	0	71.1	0	0	49.6
56.7	0	0	0	0	0	0	-51	0	0	0	0	0	0	0	34.8	0	0	0	0	0	0	0	0	0
0	0	0	0	0	0	0	0	0	0	0	0	0	0	0	0	0	-61.3	0	0	14.7	0	0	0	0
9.39	0	0	59	0	13.2	0	0	0	0	0	0	0	0	-40.8	16.9	0	0	0	0	0	0	0	0	0
0	0	0	0	0	0	0	0	60.2	0	0	-14.4	0	0	0	-75.8	0	0	0	0	0	0	0	0	0
0	0	0	0	0	0	0	0	0	0	-69.8	0	0	0	0	0	0	0	0	52.5	0	0	0	0	0
54.1	0	0	0	0	18.2	0	0	0	-37.4	0	0	0	-51.1	25.4	0	0	0	0	0	0	0	0	0	0
0	0	0	0	0	0	0	32	0	-60	0	0	0	0	0	0	0	14.5	0	0	0	0	0	0	0
0	0	0	0	0	0	0	0	0	0	0	0	0	0	0	0	0	0	0	0	0	0	0	0	-41.5
0	0	0	-0.62	0	0	0	0	0	0	0	0	0	0	0	68.1	0	-22	0	0	0	0	0	0	0
4.14	0	0	0	0	0	0	0	0	0	0	0	0	0	0	0	0	69.7	0	0	0	0	0	0	0
0	0	0	0	0	0	0	0	0	0	0	0	0	0	0	0	0	0	0	0	0	0	20.3	0	0
0	0	0	0	0	0	0	0	0	0	0	0	0	0	0	0	0	-36	0	0	0	0	0	0	0
18.5	0	0	0	0	0	0	0	0	0	0	41.4	0	0	0	0	0	0	0	0	0	0	0	0	0
0	0	0	0	0	0	0	0	0	0	0	0	0	0	0	-10.4	-71.7	0	0	0	0	8.52	0	0	0
0	0	0	-33.4	0	-5.18	0	0	0	0	0	0	0	0	0	0	0	0	0	0	21.4	0	0	0	0
0	0	0	-69	0	0	0	0	0	0	0	-58.7	0	0	0	0	0	60.4	0	0	0	0	0	-49.4	0
0	0	0	0	0	0	0	0	0	0	0	0	0	0	0	0	0	0	0	0	0	0	0	0	0
8.37	0	0	0	0	0	0	0	18	0	0	0	0	0	16.9	0	0	0	0	0	0	13	0	0	0
0	0	0	0	0	0	0	0	0	0	0	-22.1	0	0	0	0	0	0	0	0	0	0	0	-25.1	-68.1
0	0	0	0	0	0	0	0	0	0	0	0	0	0	0	0	0	0	0	0	0	0	16.7	0	0
-5.95	0	0	0	0	0	-21.1	0	0	0	0	15.9	13.5	0	0	0	0	0	0	0	0	0	0	-4.71	0
0	25.1	0	0	0	0	0	0	-64.2	0	0	0	-0.409	0	0	0	0	0	0	0	0	0	20.3	0	0
0	0	0	0	0	0	0	0	-11.7	0	0	-54.5	0	0	0	0	0	0	0	0	-43.3	0	0	23.6	0
0	0	-65.9	0	0	0	0	0	0	0	0	0	0	0	0	0	0	-9.39	0	0	0	0	0	0	0
0	0	0	0	0	-68.2	0	0	0	0	0	0	0	0	0	0	75	0	0	0	0	0	0	0	0
0	0	0	0	0	0	0	73.2	0	0	6.23	0	0	0	0	0	0	0	0	-16.3	0	0	-61.6	0	0
0	0	0	0	0	0	0	0	0	0	0	0	0	0	0	0	0	0	0	0	0	0	60.1	0	0
0	0	0	0	0	0	0	0	0	0	0	0	0	0	0	0	0	0	0	0	0	0	0	0	0
0	0	0	0	0	-10.1	0	0	0	0	0	0	0	0	0	0	0	0	-8.34	0	0	0	-36.2	0	0
0	0	0	0	0	0	0	0	0	0	0	0	0	0	0	60.9	0	0	0	0	0	0	0	0	0
0	0	0	0	0	0	0	0	0	0	0	0	0	0	0	0	0	0	-37.4	0	0	0	-10.9	0	0
27.5	0	0	0	0	0	0	0	0	0	25	17.5	0	0	0	0	0	0	0	0	0	0	0	17.2	0
0	0	0	0	0	0	59.7	0	0	0	0	0	-58.4	0	0	0	0	0	0	0	0	0	9.68	0	-47.6
0	0	0	53.8	6.26	0	0	0	0	-50.2	0	0	0	0	0	-62.2	0	0	-33.4	0	0	0	0	0	0
0	0	0	0	0	0	0	0	0	0	0	0	0	0	0	0	0	0	0	0	0	0	0	0	0
0	0	0	0	-36.3	0	0	0	0	0	0	56.4	0	0	0	0	0	0	0	0	0	0	0	0	0
0	0	0	-14.9	0	0	0	0	0	0	0	0	0	0	0	0	0	0	0	0	0	0	0	53.5	0
0	0.544	0	0	0	0	0	0	0	0	0	-17.3	0	0	0	0	0	0	0	0	0	0	0	-11.8	31.5
0	0	0	0	0	0	-70.7	0	0	0	0	0	0	0	0	0	0	-9.27	0	0	0	-3.71	0	0	0
0	0	0	0	0	0	0	0	0	0	0	0	0	0	-69.2	0	0	0	0	0	0	0	0	0	0
0	0	0	0	0	0	0	0	0	0	44.2	0	0	0	0	0	0	0	0	0	0	0	0	0	0
0	0	0	0	0	0	0	0	0	0	0	0	0	0	0	0	-21.1	-50.4	0	0	0	-60.3	0	5.94	0
0	0	0	0	0	0	0	3.95	0	0	0	0	0	0	0	0	0	0	0	0	0	0	0	0	0
0	0	0	-73.8	0	0	0	0	0	0	0	0	0	0	0	-39.6	0	-51.6	0	0	0	0	0	0	0
0	0	0	0	0	0	0	0	0	0	0	0	0	0	0	0	0	0	0	0	0	-4.91	0	0	0
0	73.9	0	0	0	0	0	0	0	0	0	0	0	0	0	0	0	0	0	0	0	0	0	0	0
0	0	0	0	-41.3	0	-55.2	0	0	0	-51.3	0	0	0	0	0	0	0	0	0	0	0	0	0	0
0	0	0	0	0	0	18.6	0	0	0	0	0	0	0	0	-4.58	0	0	0	0	0	0	0	0	0
0	60.2	0	0	0	0	0	0	0	0	0	0	0	0	0	0	0	-27.2	0	0	0	0	0	0	0
0	0	0	0	0	-30.4	0	0	0	0	0	0	0	6.81	0	0	0	0	0	0	0	0	0	0	0
0	0	0	0	0	-52.2	0	0	0	-70.4	0	0	0	0	0	-73.7	-68.2	64.1	0	0	0	0	0	0	0
0	0	0	0	0	0	0	0	-3.6	0	0	0	0	0	0	0	0	0	0	-2.12	0	-9.12	0	0	-69.2
0	0	0	-37.6	0	0	49.5	0	0	0	0	0	0	0	0	0	0	0	0	0	0	0	0	0	-69.1
0	0	0	0	0	-13.2	0	0	0	0	0	0	0	-21.8	-71.5	0	0	0	0	0	0	0	0	0	-63.9
0	0	0	0	0	0	-20.7	0	0	0	0	0	0	0	0	0	53.5	0	0	0	0	0	0	0	12
0	0	0	-69.2	0	0	0	0	0	0	0	0	0	0	0	0	0	0	0	0	74.5	0	0	0	0
0	0	0	0	0	0	0	0	0	0	0	0	0	0	0	0	0	0	0	0	0	0	27.2	0	-65
-30.4	-37.8	0	-13.7	0	0	0	0	0	0	0	-61.1	-0.536	0	0	0	0	0	0	0	0	0	0	0	0
0	0	0	0	0	34.2	0	0	0	0	0	0	0	0	0	-13.1	0	0	25.4	0	0	0	0	0	0
0	0	0	0	0	0	0	0	0	0	0	0	0	0	0	0	0	0	0	0	0	0	0	0	0
0	0	0	-56.4	0	0	0	0	0	0	0	0	0	0	0	0	0	0	0	0	0	0	0	0	0
48.7	0	0	0	0	0	0	60	0	0	18.1	0	0	0	0	0	0	0	0	0	0	7.13	0	0	0
0	0	0	0	16.3	0	0	0	0	0	0	0	0	0	0	0	54.5	0	0	0	0	0	0	0	0
0	0	0	-26.1	0	0	0	0	0	0	0	0	25.7	0	0	-42.9	0	0	0	0	45.1	0	-10.8	0	0
0	0	0	0	0	0	0	0	0	0	0	0	0	0	0	0	0	0	0	0	0	0	0	0	0
0	0	0	0	0	0	41.5	0	0	0	0	0	0	0	-55.5	0	0	0	0	0	0	-59.3	0	0	0
40.7	0	0	0	0	0	0	2.34	0	0	-2.77	0	30.2	0	0	0	0	0	0	13.3	0	0	0	0	0
0	0	0	0	0	0	0	0	0	0	0	0	0	0	0	0	0	0	0	0	0	0	0	0	0
0	0	-27.9	7.53	0	0	0	0	0	0	0	0	0	0	0	0	0	0	0	0	0	0	0	0	0
0	0	0	0	0	0	0	0	0	0	0	0	0	0	69.1	0	0	0	0	0	0	0	0	0	0
0	0	0	0	0	0	0	0	0	0	0	0	-64.8	0	0	0	0	0	0	0	0	0	0	0	0
0	68.7	0	0	0	0	0	0	0	0	0	0	0	0	0	0	-14.8	0	0	0	0	0	0	0	0
0	60.8	0	0	0	0	0	0	0	0	0	0	0	0	0	50	-60.2	0	0	0	0	0	0	0	0
-59.4	0	0	0	0	0	0	0	0	0	0	0	0	0	0	0	31	0	0	0	0	65.5	0	0	0
0	0	0	0	0	0	0	0	47.4	0	0	0	0	0	0	0	0	0	0	0	0	0	0	0	0
0	9.75	0	0	0	0	0	0	0	0	0	0	0	0	0	0	0	0	0	0	0	0	0	0	0
0	0	0	0	0	0	0	0	0	0	-38.9	0	0	0	0	0	0	0	0	0	0	0	0	0	0
0	0	0	0	0	0	0	70.4	21.5	0	0	0	31.3	0	0	0	0	0	0	0	0	0	26.9	0	0
0	0	0	0	0	0	0	0	0	5.48	0	0	0	0	0	0	0	0	47.5	0	0	0	0	0	0
0	0	0	0	0	0	0	0	0	0	0	12.8	0	0	0	-20.3	0	0	0	0	0	0	-72.3	-30.2	0
0	0	0	0	0	0	0	0	0	0	0	0	15.4	0	0	0	0	-31.9	0	0	0	0	0	0	0
0	0	0	0	0	0	0	0	0	0	0	0	0	0	0	0	0	0	0	0	0	0	0	48.2	0
0	0	0	0	0	0	0	0	0	0	0	0	0	0	0	0	0	0	0	0	0	0	0	0	0
0	0	0	0	0	0	0	0	0	64.3	0	0	0	-60.6	0	0	0	0	60.4	0	51	0	0	0	0
0	0	0	0	0	0	0	53.2	0	0	0	0	0	0	0	0	0	0	0	0	0	0	0	0	0
0	0	0	0	25.5	0	0	-26.5	-74.5	0	0	0	0	0	-8.75	0	0	56	0	0	0	0	0	0	0
0	0	0	0	0	0	0	0	0	0	-17.6	0	0	0	0	0	63.4	0	0	0	0	0	0	0	0
0	0	2.96	0	50.2	0	0	0	0	0	0	0	0	0	0	0	0	0	0	0	54.1	0	0	0	0
36.7	0	0	0	0	0	-40.6	0	0	0	0	0	0	0	0	0	15.9	0	0	0	0	0	0	0	0
0	0	0	0	0	0	0	0	0	0	0	0	0	0	0	0	0	0	0	-57.4	0	0	-29.6	0	41.6
0	0	0	0	0	45.8	0	0	0	0	0	0	0	0	0	0	0	0	0	0	0	0	0	0	0
0	0	0	0	0	0	0	74.7	0	0	0	0	0	0	0	0	0	0	0	-48.1	0	0	54.4	0	0
0	0	0	0	0	0	0	0	0	0	0	0	0	0	0	0	0	0	0	49.9	0	0	0	0	0
0	-38.1	0	0	0	0	0	0	0	0	0	0	0	0	-3.83	0	0	0	0	0	0	0	0	0	0
0	0	0	0	0	0	0	0	0	0	0	0	0	-71.5	0	0	0	0	0	0	0	0	50.7	0	0
0	0	0	0	0	0	0	0	0	0	0	0	0	0	0	0	0	0	20.5	0	0	0	0	0	0
0	0	0	0	0	53.5	0	0	0	0	0	-58.5	0	0	0	69.5	0	0	0	0	0	0	0	0	0
0	0	0	0	0	0	0	0	0	0	0	0	0	0	-33	0	0	0	0	0	0	0	0	0	0
0	0	0	0	0	0	0	0	0	0	-43.1	0	0	0	0	-40.9	0	0	0	0	0	0	0	0	0
0	0	0	0	0	0	0	0	0	0	0	0	0	53.5	0	0	0	0	0	0	3.26	0	0	0	0
0	0	0	0	0	0	0	0	61.7	0	0	0	0	0	0	0	0	0	0	0	0	0	0	0	0
0	35.2	0	0	0	0	0	0	0	0	0	0	0	0	0	0	0	0	0	0	-74.2	0	0	0	0
0	0	0	0	0	35.6	0	-70.9	0	0	0	0	0	0	0	0	0	0	0	0	57.4	0	0	0	0
0	0	0	0	0	0	0	0	7.96	0	0	0	21.9	0	0	0	0	0	0	0	0	0	0	0	0
0	0	0	0	0	73.7	0	0	0	0	0	0	-14.2	0	0	0	0	0	0	0	0	0	0	0	0
0	0	0	0	0	0	0	0	0	0	0	0	0	0	0	0	0	-0.905	0	0	0	0	0	0	0
0	0	0	0	0	0	0	0	0	0	-50.5	0	0	0	0	0	0	0	0	0	0	0	0	0	-13.3
0	0	0	0	0	0	0	0	0	0	0	0	0	0	0	0	0	0	0	0	0	1.24	0	0	0
0	-17	0	0	0	-18.1	0	0	0	0	0	0	0	0	0	0	0	0	0	0	0	0	0	0	0
0	0	-65.5	0	0	0	0	0	0	55.1	0	0	0	0	0	0	0	0	0	0	0	0	0	0	0
0	0	0	0	0	0	0	0	0	0	0	0	0	0	0	0	0	0	-58.9	0	0	0	0	0	0
0	0	0	0	0	0	0	0	0	0	0	0	0	0	0	0	0	0	0	0	0	0	0	0	0
0	0	0	0	0	70.1	0	0	0	0	0	0	0	0	0	0	-31.5	0	0	0	0	0	0	0	0
0	0	0	0	0	0	0	0	0	0	0	0	0	0	0	0	0	0	0	0	0	0	0	0	0
0	0	0	0	0	0	0	24.7	0	0	0	0	0	0	0	0	0	0	0	-4.94	2.63	0	-20.9	0	0
46.7	0	0	0	0	0	0	0	0	0	0	0	0	25.7	0	0	0	-50.7	0	0	0	0	0	0	0
0	0	0	0	0	0	0	0	-15.6	0	0	0	0	0	0	0	0	0	0	0	0	0	0	0	23.2
0	0	0	15.9	0	0	0	0	0	0	0	0	0	0	0	-73.6	0	0	0	0	0	0	0	0	0
0	0	0	0	0	0	0	0	0	0	0	0	0	0	0	0	0	0	0	0	0	0	0	0	0
0	0	0	0	0	0	0	0	0	0	0	0	0	0	0	0	0	0	0	-42.7	-51.8	-64	0	0	0
0	0	0	38	0	0	0	0	0	0	0	0	0	0	0	0	0	0	0	0	0	0	0	0	0
-21.8	0	0	0	0	0	0	0	0	0	10.5	0	-35.7	0	0	0	0	0	0	0	0	0	0	0	0
0	0	0	0	0	0	0	60.9	0	0	0	0	0	0	0	0	0	0	0	0	0	0	-24.3	0	0
-31.1	0	0	0	0	0	0	0	0	0	0	0	0	0	0	0	0	0	0	0	0	0	0	0	0
0	0	0	0	0	-69.1	0	0	0	0	0	0	-69.3	0	0	0	0	0	0	0	0	0	0	0	0
0	0	0	55.4	0	0	-40.1	32.2	-39.2	0	0	0	0	0	0	0	0	0	7.93	-38.2	-40.6	0	0	0	0
0	-14.3	0	0	0	0	-31	0	0	0	0	0	0	-42.8	0	0	0	0	0	0	0	0	0	0	0
0	-70.9	0	0	0	0	0	0	0	0	0	0	0	0	0	0	0	0	0	0	0	0	-8.56	0	0
0	0	-70.2	70.7	0	0	0	0	0	0	0	0	0	0	20.8	0	0	0	0	0	0	0	0	0	0
0	0	0	0	0	0	0	0	-50.5	0	0	0	0	0	0	0	0	0	-26.7	0	0	0	0	0	0
-21.1	0	0	0	0	0	0	0	0	24.8	0	0	0	0	0	0	0	0	0	0	0	0	0	0	0
0	0	0	0	0	0	0	0	0	44.3	-51.4	0	0	0	0	0	0	0	0	0	0	0	0	0	0
40	0	0	0	0	0	0	0	0	0	0	0	0	0	0	0	0	52.7	0	0	0	0	0	0	0
0	0	0	0	0	0	0	0	0	0	0	0	0	0	0	0	0	32.5	0	-42.6	0	-25	0	0	-44.5
0	-65	0	0	0	0	0	0	0	0	0	0	0	0	0	47.3	0	0	0	0	0	0	0	0	0
0	0	0	0	0	0	0	0	0	0	0	0	0	0	0	0	0	0	0	0	0	0	0	0	0
0	0	0	0	0	0	0	0	0	0	0	0	-57.5	0	0	0	0	0	0	0	0	0	0	12.5	-24.4
0	26.8	0	0	0	0	0	0	0	13.4	0	0	0	0	0	0	0	0	0	0	0	-49.6	0	0	0
0	0	0	0	0	27.4	0	0	0	0	0	0	0	0	0	0	0	29.6	0	0	0	0	0	0	0
0	0	0	0	0	0	0	0	0	0	0	0	31.6	0	0	0	0	0	0	0	0	0	0	-65.8	0
0	0	34.4	0	0	0	0	0	0	0	0	0	0	0	0	0	0	0	0	0	0	0	0	0	0
0	0	0	0	68.4	0	0	0	0	0	0	0	0	0	0	0	0	0	0	0	0	0	0	0	0
0	0	0	15	0	0	0	0	0	0	0	0	0	0	0	0	0	0	-53	-10.6	0	25.8	0	0	0
0	0	0	0	0	0	0	0	0	0	0	0	0	0	0	0	0	66.7	0	0	0	31.3	0	0	0
0	0	0	0	0	0	0	46.1	0	0	0	0	0	0	0	0	0	0	0	0	0	0	0	-7.84	-14.7
0	0	0	0	0	0	0	0	0	0	0	0	0	0	0	0	0	0	0	0	0	0	0	0	0
0	0	0	0	0	0	0	0	0	0	0	0	0	0	0	0	0	0	0	0	0	0	0	0	0
0	0	0	0	0	0	0	0	0	0	0	0	0	0	0	0	0	-14.1	0	0	0	0	0	0	0
0	0	0	0	0	0	0	0	0	0	0	0	0	0	0	0	0	-46.6	0	0	0	0	-16.3	42.8	-25.8
0	0	-63.4	0	0	0	0	0	0	0	0	0	0	0	0	41.6	0	0	0	0	0	-65	0	0	0
0	0	0	0	0	0	0	0	-58.3	0	0	14.4	0	0	0	0	0	0	0	0	0	0	0	56.1	0
0	0	0	0	0	0	0	0	0	-32.6	0	0	0	-55.8	0	0	0	0	0	0	0	0	0	0	0
0	0	0	0	0	0	0	0	0	0	0	0	0	0	0	0	0	0	0	0	0	0	0	0	0
0	0	0.0768	0	0	0	0	0	0	0	0	0	-43.5	0	0	0	0	0	0	0	0	0	0	0	0
0	0	0	0	0	0	0	0	0	0	0	0	0	0	0	0	0	0	0	0	0	0	0	0	0
0	0	0	0	0	0	0	0	-62	0	0	0	0	0	0	0	-20.1	0	0	0	0	0	0	0	-10.2
0	0	0	0	0	0	0	0	0	0	0	0	72.9	0	0	0	0	0	0	0	0	0	0	0	0
0	-25.3	0	0	0	0	0	0	0	0	0	0	0	0	0	0	0	0	0	0	0	0	0	0	29.2
0	0	0	0	0	0	0	0	0	0	0	0	0	0	0	0	0	0	0	0	0	0	0	48.8	0
-3.39	0	0	0	0	0	0	0	0	-59.4	0	0	0	0	0	0	0	0	0	0	0	0	0	0	0
-40.5	3.41	0	75.9	45.3	0	0	41.5	0	0	33.2	-47.1	-75.9	58.9	67.6	0	0	0	0	0	0	0	0	0	0
0	0	0	0	0	0	0	0	0	0	0	0	0	0	0	0	0	-25.9	0	0	0	0	0	0	0
0	46.8	0	0	0	0	0	0	0	0	0	0	0	0	16.8	0	0	0	0	0	0	0	0	0	0
0	0	59.9	12.5	0	0	0	0	0	0	0	0	0	0	0	0	0	0	0	0	0	0	0	0	0
0	0	0	0	0	0	0	0	0	0	0	0	0	0	0	0	0	0	0	-54.7	0	69.1	0	0	0
0	0	0	0	0	0	0	0	0	0	0	0	0	0	0	0	0	0	0	0	0	0	0	0	0
0	0	0	0	0	0	0	0	0	0	-61.5	0	0	0	0	0	0	0	0	0	0	-9.82	0	0	0
0	0	0	0	0	0	0	0	0	0	0	0	0	0	0	-32	0	0	0	0	0	0	0	0	0
0	0	0	-19.7	0	0	0	0	0	0	0	0	0	0	0	0	0	0	0	0	-26.1	0	0	0	0
0	0	0	0	0	0	0	0	0	0	0	0	59.2	0	0	0	0	-74.6	0	0	0	0	-8.51	0	0
0	0	0	0	0	0	71.8	0	0	0	0	0	0	0	0	0	0	32.3	0	-13.7	0	0	0	0	0
0	0	0	0	0	0	0	34.1	0	0	0	0	0	0	0	0	-60.3	0	0	0	0	0	0	0	0
0	0	0	0	0	0	0	0	0	0	0	0	0	0	0	0	0	0	0	-47.9	0	0	0	0	0
0	-49.8	0	0	0	0	0	0	0	0	0	7.97	0	0	0	0	0	0	0	0	0	0	0	0	0
0	0	0	0	0	0	0	0	0	0	0	0	42.3	0	-38.5	0	19.6	0	0	0	0	0	0	0	15.5
73.3	0	0	0	0	0	0	0	0	0	0	0	0	0	0	0	0	0	0	0	0	0	0	0	0
0	0	72.7	0	0	0	0	0	0	0	0	0	0	0	0	0	-5.12	0	0	0	0	-13.3	3.73	0	0
0	29.3	-44.5	0	0	0	0	0	0	0	0	0	-61.6	10.4	0	0	0	0	0	0	0	0	0	0	0
16.6	0	0	0	0	0	0	0	0	0	0	-28	0	0	0	0	0	0	0	0	0	-45.7	0	0	33
66.6	0	0	0	0	0	0	0	0	0	0	0	0	0	0	0	0	47.1	-20.5	0	0	0	0	0	0
0	0	0	-56.5	0	0	0	0	0	0	0	0	0	0	0	0	0	0	0	0	0	0	0	0	0
0	0	0	0	0	0	0	0	0	-18.8	0	0	-39.5	0	0	62.3	0	0	0	0	0	0	0	0	0
0	0	53	0	0	0	0	0	0	0	0	0	0	0	0	-62.8	0	0	0	66.1	0	0	0	0	0
0	-24	0	0	0	0	0	0	0	0	0	0	0	0	0	0	0	0	0	0	0	0	0	0	0
0	33.2	0	0	0	37	0	0	0	0	-71.8	0	0	0	0	0	0	0	0	41.9	0	0	0	0	0
0	0	0	0	0	0	0	0	0	0	0	0	0	0	0	0	0	0	0	0	0	0	0	0	0
-66.1	0	0	0	0	0	0	0	-25.3	0	0	0	0	0	-38.7	0	0	0	0	0	0	0	0	0	0
0	0	0	0	0	0	0	0	26.9	0	0	27.9	-17.9	0	0	0	0	0	0	0	-12.9	0	0	-11.2	0
0	0	0	0	0	37.8	0	0	0	0	0	0	0	-16.9	0	0	-25.6	0	0	0	5.02	0	0	0	0
0	0	-23.6	0	0	0	0	0	0	0	0	0	0	0	35.6	0	0	0	0	0	0	-19.9	0	0	0
41.9	0	0	0	0	26.6	0	0	0	0	0	-20.7	0	0	0	0	0	0	0	0	-67.5	0	27.1	0	0
-56.5	0	0	0	0	0	0	0	0	0	0	0	0	0	0	0	0	0	0	0	0	0	0	0	0
0	0	0	0	0	0	0	0	0	0	0	0	0	0	0	49.3	0	0	0	0	0	0	27.5	0	0
0	0	0	0	0	0	0	0	0	0	0	0	0	0	0	0	0	-9.93	0	0	0	0	0	0	0
0	0	0	69.6	0	0	0	0	0	0	0	0	0	0	0	0	0	0	0	0	0	0	0	0	-41.5
0	0	40.6	0	0	0	0	0	0	0	7.22	0	0	0	0	0	0	0	0	0	0	0	0	0	0
0	-38.8	0	0	0	0	0	0	0	0	22.2	0	0	0	0	0	0	0	0	0	-8.97	0	0	0	0
0	0	0	0	0	0	0	0	0	0	0	0	0	0	0	0	0	0	0	0	72.3	0	0	0	0
0	0	0	0	0	0	0	0	-18.6	0	0	0	0	0	0	0	0	0	0	0	57.2	0	0	0	0
0	0	0	0	0	0	0	0	0	0	0	0	0	0	0	0	0	0	0	0	0	0	-32.7	0	0
0	-74.2	0	0	0	0	0	0	0	0	0	0	0	0	0	0	-69.9	0	0	0	0	0	0	-43.8	0
0	0	0	0	0	0	0	0	0	0	0	-72.1	0	74	0	0	0	0	0	0	-70.3	0	0	0	0
0	0	0	0	0	0	0	19.5	0	0	-51.6	0	0	-26.3	0	0	0	13.9	0	0	0	0	0	0	2.27
0	0	0	0	0	0	0	0	-40.8	0	0	0	0	0	0	0	0	0	0	0	0	0	0	0	0
0	0	0	0	0	0	0	0	0	-40.1	-42.4	0	0	0	0	0	0	0	0	0	0	0	0	0	0
0	0	0	0	0	0	0	0	-37.4	-57.1	0	0	0	0	-12.4	0	0	0	0	0	0	0	-60.3	0	0
0	0	0	8.73	-66.2	0	0	0	0	0	0	0	72.2	0	0	0	0	0	0	0	0	0	0	0	0
0	0	0	0	0	0	0	0	0	0	0	0	0	0	-49.3	0	0	0	0	0	0	0	0	0	0
0	0	0	0	0	0	0	0	0	0	22.9	64.8	0	0	0	0	0	0	0	0	0	0	0	0	0
0	0	0	0	0	0	-61.7	0	0	0	0	0	0	0	35.4	0	-12.6	0	0	0	0	0	0	0	0
0	0	0	0	0	0	0	0	0	0	12.1	0	0	0	0	0	0	0	0	0	57.7	0	0	0	0
0	45.9	0	0	0	0	0	0	0	0	0	0	0	0	0	0	0	0	0	0	0	0	-65.7	0	0
20.1	0	0	0	0	0	0	0	0	0	0	0	0	0	0	0	0	0	0	0	25.5	0	0	0	0
0	0	0	0	0	0	0	0	0	0	0	0	0	0	0	0	0	0	0	0	0	0	0	0	-56.2
0	0	0	0	44.3	0	0	0	0	0	0	0	-8.19	0	0	0	0	0	0	0	0	0	0	0	12.7
0	0	0	0	12.9	0	0	0	-18.7	0	0	0	0	0	0	0	0	0	0	-7.53	0	0	0	0	0
-8.69	0	0	0	0	0	0	0	0	0	0	0	0	0	0	0	0	0	0	0	0	0	0	0	0
0	0	0	0	0	0	0	0	0	0	0	0	0	0	0	0	0	0	0	0	0	0	-33.1	0	0
65.2	0	0	0	0	0	-29.1	0	0	0	59.1	0	0	0	0	0	0	0	0	0	0	0	0	0	0
0	0	0	0	0	0	0	0	0	59.5	0	0	0	0	0	0	0	0	0	0	0	0	0	0	0
0	0	0	0	0	0	0	0	0	0	0	0	0	0	0	0	0	0	0	0	0	0	0	0	0
0	0	0	0	0	0	29.6	0	-50.1	0	0	0	67.4	0	0	0	0	74.9	0	0	0	0	0	0	0
0	63.8	0	0	0	0	-73.3	0	0	0	0	0	0	0	3.38	0	-3.07	0	0	0	0	0	0	0	0
-39.8	0	0	0	0	0	0	0	0	-18.7	0	0	0	0	0	0	0	0	0	0	0	0	0	0	0
0	0	0	0	0	0	0	0	0	0	0	7.9	0	0	0	0	0	0	0	0	0	0	0	0	0
0	0	0	0	75.1	0	0	74.5	0	0	0	0	0	0	0	0	0	0	0	0	0	0	0	0	0
0	0	0	0	0	0	0	0	0	0	0	0	0	0	0	0	0	0	0	0	0	0	0	0	0
36.5	0	0	0	0	0	0	0	0	0	0	0	0	0	56.7	0	-3.01	0	0	0	0	0	0	0	0
0	0	0	0	0	0	58	0	-25.8	0	0	0	0	0	0	0	0	0	0	0	0	0	0	-0.675	0
0	0	0	0	0	0	-65.6	0	0	0	0	0	0	0	0	0	0	0	0	0	0	0	0	0	0
0	0	0	0	0	0	0	0	0	0	0	0	0	0	0	0	0	0	-47.3	0	0	0	0	0	0
50.1	0	47.3	0	0	40.7	0	0	0	0	0	0	0	0	0	0	0	-65.9	0	0	0	0	0	0	0
68.2	0	0	0	0	52	0	0	0	0	0	0	0	0	0	0	0	-45.6	0	0	0	0	74.8	0	0
0	0	0	0	0	0	0	0	0	0	0	0	0	0	0	0	0	0	0	0	0	0	0	61.8	-16.7
0	0	0	0	0	0	0	0	0	0	0	0	0	28.1	0	0	0	0	0	0	0	0	0	0	0
0	0	0	0	0	0	0	0	0	0	0	0	0	0	0	0	0	0	0	23.4	0	0	0	0	0
-0.2	0	0	0	0	0	0	0	0	0	0	0	0	0	0	0	0	0	0	0	0	0	0	0	0
0	0	0	0	0	0	0	0	0	0	0	0	0	0	0	0	16.1	62.6	0	0	0	0	0	0	0
0	0	0	0	0	0	0	0	0	0	0	0	0	0	0	0	0	-38.6	0	0	0	0	0	0	0
0	0	0	0	0	0	0	0	0	0	0	0	0	0	-31.8	0	0	0	0	0	0	0	0	0	0.466
0	0	0	0	0	0	0	0	0	-27.1	37.4	0	0	0	0	0	0	0	0	0	-71.1	0	-42.8	0	72.9
0	65.5	0	0	0	0	0	0	0	0	0	0	0	0	0	0	0	0	0	0	0	-51.7	49.3	0	0
0	0	0	17.8	0	0	0	0	0	30.1	0	0	0	0	0	0	0	0	0	0	0	0	0	0	0
0	0	0	0	0	0	0	0	0	0	0	0	9.13	0	0	0	0	0	0	0	0	0	0	0	-28.9
-25	0	0	0	0	0	0	0	0	0	-56.2	0	0	0	0	0	0	0	0	0	0	0	-34.1	0	0
15.5	0	0	0	0	0	0	0	0	0	0	0	0	0	0	0	0	0	0	0	0	0	0	0	0
0	0	0	0	0	0	12.1	0	0	0	0	0	0	0	0	0	0	0	0	0	0	0	0	0	0
0	0	0	0	0	0	0	0	0	0	0	0	0	0	0	0	0	0	0	0	0	0	0	0	0
0	0	0	0	0	0	0	0	0	0	0	0	0	0	9.88	0	1.51	0	0	0	0	-59	0	-25	0
0	-45.7	0	0	0	0	0	0	-54.2	7.87	0	0	0	0	0	0	-51	0	0	0	0	0	0	0	0
0	0	0	0	0	0	0	0.855	-26.5	0	18.1	0	0	0	0	0	0	0	0	0	0	0	0	0	0
0	0	0	0	0	0	0	0	0	0	0	0	0	0	0	-67.1	0	0	0	0	0	0	0	0	0
0	0	0	0	0	0	25.9	0	0	0	0	0	0	0	0	0	0	0	0	0	0	0	0	0	0
0	0	0	0	0	0	0	0	0	0	0	0	0	0	0	0	0	0	0	0	0	0	0	0	-15.5
0	0	0	0	0	0	0	-5.33	0	0	0	0	0	0	0	14.4	0	0	0	0	0	0	31.3	0	0
0	0	0	0	15.2	0	0	0	0	0	0	0	0	5.12	2.68	0	0	0	0	0	0	0	0	0	0
0	0	0	0	0	0	0	0	51.8	0	0	0	0	0	-36.3	0	0	0	0	0	0	0	0	0	0
0	0	0	0	0	0	0	0	0	0	0	0	0	0	0	0	0	0	0	17	0	0	0	0	0
0	-22.2	0	0	0	0	0	0	0	0	0	0	0	0	0	29.7	0	0	0	0	33.4	0	0	0	0
0	0	0	0	-52.3	0	0	0	0	0	0	0	0	0	0	0	0	0	0	0	0	0	0	0	0
0	71.8	0	0	0	0	0	0	0	19.5	0	0	0	0	-43.4	0	0	0	0	0	0	0	0	0	0
0	18.9	0	0	0	0	0	0	0	0	0	0	0	0	0	-28.1	0	0	0	0	0	0	0	0	0
0	0	0	0	0	0	-69.2	-29	7.18	0	-66.7	0	0	0	0	0	-47.4	0	0	-11	0	0	0	0	0
0	0	0	0	0	0	0	43.8	0	0	0	0	0	0	0	0	-39.6	0	0	0	0	0	0	0	0
0	0	0	0	0	0	0	0	0	0	0	0	16.8	-49.3	0	0	0	0	0	0	0	0	0	0	0
0	0	0	0	-25.1	0	0	0	0	0	0	0	0	0	0	0	0	0	0	0	0	0	0	-42.6	0
0	0	0	0	0	0	0	0	0	0	0	0	0	0	0	51.6	22.8	0	0	0	0	-16	0	63.8	8.63
0	0	0	0	0	0	0	0	0	0	34.6	0	0	0	0	0	0	0	0	0	0	0	0	0	0
0	0	0	0	12	0	0	0	0	0	51.8	0	0	0	0	0	0	-44.5	0	0	0	0	0	0	0
-11.3	0	0	0	0	0	0	0	0	0	-45.3	0	0	0	0	0	0	0	0	0	0	0	0	0	0
11.3	0	0	0	0	0	0	0	0	0	0	0	0	0	0	0	-66.2	0	14.6	0	0	0	0	0	0
0	0	0	0	0	0	0	0	0	0	0	0	0	0	0	0	0	0	0	0	0	0	0	0	0
0	0	0	0	0	0	0	0	12.6	0	0	0	0	0	0	0	0	0	0	0	0	64.5	0	0	0
0	0	0	0	0	-9.34	0	0	0	0	0	0	0	0	0	0	33.6	0	0	42.7	0	0	0	0	0
0	0	0	0	0	0	0	0	0	0	0	0	0	0	0	0	0	-59	0	0	0	0	0	0	0
-18.9	32.9	0	0	0	0	0	0	0	56	0	0	-3.01	0	0	-39.1	0	0	0	0	0	0	0	0	0
0	0	0	0	0	0	0	-60.4	0	0	0	0	-54.8	0	0	43.1	0	51.1	0	0	0	0	0	0	43.7
0	0	0	0	0	0	0	0	0	0	0	0	0	8.17	0	0	0	0	0	0	0	0	0	0	0
0	-55.6	0	0	0	0	0	0	0	0	0	0	0	0	0	0	0	0	0	0	0	0	0	0	0
0	0	57.9	0	0	-38	0	0	0	0	0	0	0	0	0	0	0	0	0	0	0	0	0	0	0
0	0	0	0	0	-26.4	0	0	0	0	0	0	0	0	0	0	57.6	0	0	-2.91	14.5	0	0	0	0
0	0	0	0	0	0	0	0	0	0	42	0	0	0	0	0	0	0	0	0	0	0	0	38.9	0
0	0	0	0	0	0	0	14.7	0	0	0	0	0	0	0	0	0	0	12.5	0	0	0	0	0	-69.4
0	0	0	0	0	0	0	0	0	0	0	0	0	0	0	43.1	0	0	0	0	0	0	0	0	57.8
25.8	0	-60.6	0	0	-15.9	0	0	0	0	0	0	0	0	0	0	0	0	0	8.77	0	0	0	61.7	0
0	0	0	0	0	0	-15.6	0	37.9	0	0	0	0	0	0	-25.9	0	0	0	0	0	0	0	0	0
0	0	0	0	0	0	0	0	0	0	0	10.8	0	0	0	0	-32.5	0	0	0	0	0	0	0	0
0	0	0	0	0	0	0	0	-24.9	0	-39.3	0	0	0	0	0	0	0	0	0	0	0	0	0	0
0	30	0	0	0	0	0	0	0	0	0	0	0	0	-3.25	0	0	0	0	0	0	0	0	0	0
0	0	0	0	0	0	0	0	0	0	0	0	0	0	0	0	0	0	0	0	0	0	0	0	0
0	0	0	0	0	0	0	0	0	-58.2	0	0	0	0	0	0	0	0	0	0	0	0	0	0	0
0	0	0	0	0	0	0	0	0	0	0	0	0	0	0	0	0	0	0	37.1	0	0	0	0	0
0	0	0	0	0	0	0	0	0	0	0	0	0	0	0	0	0	0	0	-3.14	0	0	0	0	0
0	0	0	0	0	0	0	0	0	0	0	0	0	0	0	0	0	0	0	0	0	0	0	0	0
0	0	0	0	0	0	-68.4	0	0	0	0	0	0	0	0	0	0	0	0	0	0	0	-36.1	20.8	0
0	0	0	0	15.7	0	0	0	0	0	0	0	0	0	0	0	0	0	0	0	0	0	0	0	0
0	0	0	0	-15	0	0	0	0	0	0	0	0	0	0	0	0	0	0	0	0	0	0	-38.1	0
0	0	0	0	0	0	0	0	0	0	0	0	0	0	0	0	0	-53.7	0	0	0	0	0	0	0
0	0	0	0	0	0	0	0	0	0	0	0	0	0	0	0	0	0	0	0	25.9	0	0	0	0
0	0	0	0	0	42.7	55.7	0	0	0	0	0	0	-52.3	0	0	0	0	0	0	0	0	0	0	0
0	0	0	0	0	0	0	0	0	0	0	0	0	0	0	0	0	0	0	0	0	0	0	0	0
0	0	0	0	0	0	0	0	0	0	0	0	0	0	0	0	0	0	0	0	0	0	0	0	0
0	0	0	0	0	0	0	0	0	0	0	0	0	0	0	0	0	0	0	0	0	-55	0	54	0
0	0	0	0	0	0	0	0	0	0	0	0	0	0	0	0	0	0	0	0	0	0	54.5	0	0
0	0	0	0	0	0	0	-60.9	0	0	0	0	0	0	0	0	0	0	0	0	0	0	-1.62	0	0
0	-2.12	0	0	0	0	0	0	0	0	0	0	0	0	0	0	0	0	0	0	0	0	0	0	0
0	0	0	0	0	0	0	0	-36.7	0	0	0	0	0	0	0	35.3	0	0	0	-51.8	0	0	0	-53.3
0	0	-58.4	0	0	0	0	0	0	0	0	0	0	0	0	-3.64	0	0	0	0	0	0	0	0	0
0	0	0	0	0	0	0	0	0	0	0	0	14.8	0	0	0	0	0	0	0	0	0	-22.7	0	0
0	0	0	0	0	0	0	0	-22.7	0	0	0	0	0	0	0	0	0	0	0	0	0	0	0	0
0	0	0	0	0	0	0	0	0	0	0	0	0	0	-71	0	0	0	0	0	0	0	0	0	0
0	0	0	0	71.7	59.5	0	0	0	0	-37.7	0	0	0	-53.6	31.9	0	0	0	0	0	0	0	0	0
0	0	0	26.5	0	0	0	0	0	0	0	0	0	0	0	0	0	0	0	0	0	0	0	62.2	0
0	0	0	0	0	-17.4	0	0	0	0	0	71.7	0	0	0	0	0	0	0	0	6.75	0	0	0	0
63.5	0	0	0	0	0	0	0	0	44	0	-38.5	0	0	0	0	0	0	0	46.6	0	0	0	0	0
0	0	0	0	0	0	0	0	0	0	0	0	0	0	0	0	63.7	0	0	0	0	-10.9	0	0	0
0	0	0	10.1	0	0	0	-48.6	0	0	0	0	0	0	40.9	0	0	0	0	0	0	0	0	0	51.5
0	-40.7	0	0	0	0	0	0	0	0	0	0	0	23.5	0	0	0	0	0	0	0	0	0	0	0
0	0	0	-70.7	0	0	0	0	0	0	0	0	0	0	0	0	0	0	0	0	0	0	0	0	0
0	-7.55	25.2	0	0	0	0	0	0	0	0	0	0	0	0	0	-5.73	0	0	0	0	0	0	0	0
67.9	0	0	0	0	0	0	0	0	0	0	0	0	-71.4	0	0	0	0	0	0	0	0	0	-27.1	0
0	40.2	0	0	8.26	0	0	0	0	0	0	0	0	-16.5	0	0	0	0	0	0	0	0	29.7	0	0
0	0	0	0	0	-17.8	0	0	0	0	0	0	0	0	0	-9.64	0	0	0	0	-6.99	0	0	0	0
0	0	0	0	0	26.3	0	0	0	0	0	0	0	0	0	0	-34.4	0	-62.4	0	0	0	0	0	0
0	0	0	0	0	67.5	-37.1	0	0	0	0	0	0	0	0	0	0	0	0	-8.03	0	0	0	0	0
0	0	0	0	0	0	0	0	0	0	0	0	0	0	0	0	0	0	0	0	0	0	0	-11.5	0
0	0	0	26.7	0	0	0	0	-60	0	0	0	0	0	0	0	-56.1	0	0	0	0	0	0	0	0
0	4.7	0	0	0	0	0	0	62.7	0	0	0	0	-41.8	0	0	0	0	0	0	0	0	0	0	0
0	0	0	0	0	0	0	0	0	0	0	0	0	0	0	0	0	58.6	0	0	0	0	0	0	0
0	0	0	0	0	0	0	0	0	0	0	0	0	-35.6	0	-27.3	0	0	0	0	0	0	0	0	0
0	0	0	0	0	0	-75.2	0	0	0	0	-60.4	0	0	0	0	0	0	0	0	0	0	0	0	0
50.3	19.6	0	0	0	0	0	15	0	-42.4	0	0	0	0	0	0	0	0	0	0	0	-59.1	0	0	0
0	0	0	0	0	0	0	0	0	0	0	0	0	0	0	0	-61.3	0	0	0	0	0	0	0	0
0	0	0	0	0	0	0	0	0	0	0	0	0	0	0	0	0	0	0	-66.8	0	2.84	0	0	0
0	0	0	0	0	0	0	0	0	0	0	0	0	0	0	0	0	0	0	0	0	0	0	0	0
0	0	0	0	0	0	0	0	-8.89	0	0	-65.7	0	0	0	51.3	0	0	0	0	0	0	0	0	0
0	0	0	0	0	0	0	-46	-40.4	0	2.02	0	0	0	0	0	0	0	0	0	0	0	0	0	0
0	0	0	0	0	23.8	0	0	0	49.8	0	0	0	0	0	0	0	0	0	0	0	0	33.3	-23.2	0
-61.4	0	0	0	9.7	0	0	75.1	0	0	0	0	0	0	0	0	0	0	0	0	0	0	0	0	0
0	0	0	0	0	0	0	0	0	0	0	0	0	0	0	0	0	0	0	0	0	0	0	0	0
0	0	0	0	0	0	0	-16	40.5	0	0	0	0	0	0	0	0	0	0	0	0	0	43.8	0	0
0	-65.4	0	0	0	0	0	0	0	-17.6	0	0	0	0	0	0	0	0	0	0	0	0	0	0	0
0	0	0	0	0	0	0	0	45.7	0	-27.8	0	0	0	0	0	0	0	0	0	63.2	0	0	0	0
0	0	0	69.4	0	0	51.6	0	0	0	0	0	0	0	0	0	-10.4	0	0	0	0	0	0	0	0
0	0	0	0	0	0	71.4	0	0	0	0	73.9	0	0	0	0	0	0	0	0	0	0	0	0	0
0	0	0	0	0	-38.6	-68.9	0	0	0	0	0	0	0	47.7	0	0	0	0	0	0	0	0	0	0
0	0	0	0	0	0	0	0	0	0	0	0	0	-15.5	0	0	0	0	0	0	0	0	0	0	0
0	0	0	47.2	0	0	0	0	0	0	0	0	0	0	0	0	0	0	0	57.1	0	0	-16.9	0	0
0	0	0	0	0	0	0	0	0	0	0	0	0	68.2	0	0	-74.5	0	0	0	0	0	0	0	0
0	69	0	0	0	0	0	0	0	0	21.4	0	0	0	0	0	0	59.7	0	0	0	-39.8	0	0	0
0	0	0	0	0	-57.2	0	0	0	0	0	0	19.9	-23.5	0	0	0	0	0	0	0	0	0	0	3.58
-57.7	0	0	0	0	0	0	0	0	0	0	0	0	0	0	0	0	0	0	-45.8	0	0	0	0	0
0	0	0	0	0	0	0	0	0	0	0	0	0	0	30.5	0	0	0	0	0	0	0	51	0	0
0	0	0	0	0	0	0	0	0	0	0	0	0	0	0	0	0	0	0	65.5	0	31.3	0	0	0
0	0	0	0	0	0	39.3	0	0	0	0	0	0	0	0	0	0	0	0	0	0	0	0	0	0
0	0	0	0	0	0	71.2	0	0	0	0	0	0	0	-3.03	0	0	0	0	-57.4	0	0	0	0	0
0	0	0	0	0	21.3	0	0	0	0	0	0	0	0	0	53.6	0	0	-41.6	0	0	0	0	0	0
0	27.2	0	0	0	0	0	0	75.3	0	0	0	0	0	0	0	0	0	0	0	0	0	0	-58.6	0
0	0	0	0	0	0	0	0	-37.5	0	0	0	0	68.7	0	0	0	0	0	0	0	0	0	0	0
0	0	0	0	0	0	0	0	0	0	0	0	0	0	0	0	0	0	0	0	0	0	0	0	0
0	0	0	0	0	0	0	0	0	0	0	0	41.2	0	0	0	0	0	0	0	0	0	0	0	0
0	0	0	0	0	-73.6	0	0	0	0	0	0	0	0	0	0	0	0	0	0	0	0	0	0	0
0	0	0	0	0	0	0	0	0	0	0	0	0	0	0	0	0	0	0	0	0	0	0	0	0
5.82	0	73.5	0	0	0	0	0	6.28	0	0	0	0	0	0	0	0	0	0	-66.8	0	0	0	0	0
0	27.5	-41	0	0	0	0	0	0	0	0	0	0	0	0	14.4	0	0	0	-54.8	0	0	0	0	0
0	-65.5	0	0	0	0	0	0	0	0	0	0	0	0	0	0	0	0	0	0	0	-54.2	0	0	0
0	0	0	0	32.4	0	0	0	0	0	0	22.4	-50.6	0	0	0	0	0	0	0	0	0	73.2	0	74.7
0	0	0	0	0	0	0	0	0	0	0	0	0	0	0	0	0	0	-6.33	0	0	0	0	0	0
0	0	0	-52.9	0	0	0	0	0	0	0	0	0	0	0	0	0	0	0	0	0	0	0	0	0
0	43	0	0	0	0	0	0	0	0	0	0	0	0	0	0	0	0	0	0	0	13.6	0	0	0
0	0	18	0	0	0	0	0	0	0	0	0	0	0	0	0	0	0	0	0	0	0	0	0	0
0	0	0	0	0	0	0	0	0	0	0	0	0	0	0	0	0	0	18.1	0	0	0	0	0	0
0	0	0	0	0	0	0	0	0	0	0	0	-56.7	0	0	0	0	0	0	0	0	0	0	0	0
0	0	0	0	0	0	0	0	0	0	0	0	0	0	0	41.1	-6.51	0	0	0	0	0	0	0	0
0	0	0	0	0	0	0	0	0	0	0	0	0	0	0	0	0	0	0	32.2	0	0	7.48	0	0
0	0	22.7	0	0	0	0	15.8	0	69	0	0	0	0	0	0	0	0	0	0	0	-67.5	0	-11.1	0
66.2	0	0	0	0	0	0	0	0	0	0	-29	0	0	0	0	38	0	0	0	39.5	-60	0	0	0
0	0	0	0	20.1	0	0	0	0	0	0	0	-11.6	0	0	0	0	0	0	-21.5	0	-14.8	-50.2	0	0
0	0	0	0	0	0	0	0	0	0	0	0	0	0	0	0	0	0	0	0	0	0	0	0	0
0	-50.4	0	0	0	0	0	0	-43.9	0	0	0	0	0	0	0	0	0	0	0	0	0	0	0	0
0	0	0	18.7	0	0	0	0	0	0	0	0	0	0	0	0	0	0	0	0	0	0	0	0	0
0	0	0	0	0	0	0	0	0	0	0	0	0	0	0	0	0	0	0	0	0	0	0	0	0
0	0	0	0	0	0	0	0	3.01	0	0	0	0	0	0	0	0	-74.4	0	0	0	0	0	0	0
0	0	0	0	0	0	0	0	0	0	0	0	0	0	0	0	0	0	0	0	0	0	0	0	0
0	0	0	0	0	53.3	0	0	0	0	0	0	0	0	0	0	0	-10.3	0	0	0	0	0	0	0
0	0	-63.6	0	0	0	0	0	0	-5.41	0	0	0	0	0	0	0	0	0	0	0	0	0	0	0
0	0	0	0	0	0	0	0	0	0	0	0	0	0	0	24.4	0	0	0	0	0	21.8	0	0	0
0	74.9	0	0	60.2	0	0	0	0	0	0	0	0	0	13.8	0	0	0	0	0	0	0	0	0	0
0	0	0	0	0	0	0	0	0	0	31.4	0	0	0	0	0	0	0	0	0	0	0	0	0	0
0	0	0	0	0	0	0	0	-40	0	0	0	0	0	0	0	0	51.1	0	0	0	0	0	0	0
0	0	0	0	0	0	0	0	0	0	0	0	0	0	0	0	0	0	0	57.2	0	0	32.5	0	0
0	0	0	0	0	0	0	-55.8	0	0	0	0	0	0	0	0	0	0	-7.72	0	0	0	0	0	0
0	0	0	0	0	0	0	0	0	0	-57.8	0	0	-55	33.5	0	0	0	0	54.4	0	0	0	0	0
0	0	0	0	0	-10.2	0	0	0	0	0	0	0	0	-1.38	0	0	0	47.7	0	0	0	0	0	0
0	0	0	0	0	0	0	-30.1	59.1	0	0	0	0	73.4	0	0	-74.5	0	0	0	0	0	0	0	0
0	0	0	0	0	0	32.1	0	0	0	0	0	0	0	0	0	-75.5	-7.39	0	0	0	0	0	0	0
0	0	0	0	0	0	0	0	0	0	0	0	0	0	0	0	0	-18	0	0	0	0	-73.7	0	0
9.37	0	0	0	0	0	0	20.7	0	0	0	75.8	0	0	0	0	0	0	0	0	0	0	0	0	0
-2.24	0	0	-16.4	0	0	0	0	0	0	0	0	0	0	0	0	0	0	0	0	37.2	0	0	0	0
0	0	0	0	0	0	0	-39.6	0	0	0	0	0	0	0	0	0	0	0	0	0	0	0	0	0
0	0	0	0	0	0	0	0	0	0	0	0	0	0	0	0	0	0	0	0	0	0	0	0	0
0	0	0	0	0	0	0	0	0	0	0	0	0	0	0	24.6	0	0	0	0	0	0	0	-30.5	0
0	0	60.5	0	0	0	0	0	0	0	0	0	0	0	0	0	0	0	0	0	0	0	0	0	0
0	0	0	0	0	0	0	0	0	0	21.6	17.8	0	0	0	0	0	0	0	0	0	13.4	0	0	0
0	0	0	0	0	0	0	0	0	0	-40.9	0	0	0	0	0	0	0	0	0	0	0	0	34.7	0
0	0	0	-63.7	0	0	0	0	0	0	0	0	0	0	0	0	0	0	0	0	0	0	0	0	0
0	0	0	0	-31.4	0	0	0	0	0	0	0	0	0	0	0	20.7	0	0	7.76	0	0	0	0	0
0	0	0	0	0	34.3	-60.1	0	0	0	0	0	0	0	0	0	0	0	0	0	0	38.8	0	0	0
0	0	-6.87	39.1	0	0	0	0	0	0	0	0	0	0	0	0	0	0	0	0	0	0	0	0	0
0	0	0	0	61.9	0	0	0	0	0	0	-8.41	0	0	0	0	0	0	0	0	0	0	0	0	0
0	0	0	0	0	0	0	0	66.1	0	0	0	0	0	0	0	-27.9	0	0	0	0	0	0	0	0
0	0	0	0	0	0	0	0	0	0	0	0	12.3	0	0	0	0	0	0	0	0	0	0	0	0
0	0	0	0	0	0	0	0	0	0	0	0	0	0	0	44.7	0	0	0	0	0	0	0	0	0
0	0	0	0	0	0	0	0	0	0	0	0	0	-43.6	0	0	0	0	0	0	0	-44.3	0	0	0
0	0	0	0	0	21.2	0	0	0	0	0	-28.2	0	0	0	0	0	0	0	0	0	22.9	0	0	0
0	0	0	0	66.6	0	0	0	0	0	0	0	0	0	0	0	0	0	0	0	0	0	0	0	0
0	0	0	0	0	0	0	0	0	0	0	0	0	0	0	0	0	-68.3	0	0	0	0	0	0	0
0	0	0	0	0	0	0	0	-58.7	0	0	0	0	0	0	-20.4	0	0	0	0	0	0	0	0	0
0	0	0	0	0	0	0	0	0	0	0	0	0	0	0	0	0	0	0	0	0	0	0	0	0
0	-42	0	0	0	0	0	0	0	0	0	0	0	0	0	0	0	0	0	0	0	51	0	0	0
0	0	0	0	0	0	0	0	0	0	0	0	0	0	0	0	0	0	0	-57.9	0	0	0	0	53.2
0	0	0	0	0	0	0	0	0	0	0	0	0	0	0	0	2.45	0	0	0	0	0	0	0	49.3
0	3.06	45.8	0	0	0	0	0	0	-46.2	0	62.5	0	0	0	0	0	0	0	0	0	0	0	0	0
0	0	0	0	0	0	0	0	0	0	0	0	0	0	0	0	0	0	0	0	0	0	0	0	0
0	0	0	0	0	0	-11.6	0	17.7	0	0	0	0	0	0	0	0	0	-26.1	0	24.9	0	0	0	0
0	0.678	0	0	0	0	0	0	36.1	0	0	0	0	-21.7	0	0	0	0	0	0	0	0	0	0	0
0	0	-54.3	0	0	0	0	0	0	0	0	0	0	0	0	0	0	39.9	0	0	0	0	0	0	0
0	0	0	0	0	0	0	0	0	0	0	0	0	0	-63	0	0	0	0	8.23	0	11.3	0	0	0
0	0	0	0	0	0	0	59.9	0	0	0	0	0	0	58	0	0	0	0	0	13.8	0	0	-17.3	0
0	0	0	-68.9	0	0	0	0	0	0	0	0	0	0	0	0	0	0	0	0	0	0	0	0	0
0	0	0	0	0	0	0	0	0	0	0	-35	0	0	0	-44	0	0	0	0	0	0	0	-48.1	0
0	0	0	0	0	0	0	0	0	0	0	-75.4	0	0	0	0	0	0	0	0	0	0	0	0	0
0	0	0	0	37.7	0	0	0	0	0	0	0	0	-43.8	-22.2	0	0	-67.3	0	0	0	0	0	0	0
0	0	0	0	0	0	0	0	0	0	0	-17.8	0	0	0	61.2	0	0	0	0	0	0	0	0	0
0	0	0	0	-2.55	0	0	0	0	0	0	0	0	0	0	0	0	0	0	0	0	0	0	0	0
0	0	0	0	0	0	0	-32	0	0	0	0	0	0	0	0	0	0	0	0	0	0	-70.1	0	1.67
8.48	0	0	0	0	0	0	0	0	0	0	0	0	0	0	0	0	0	17.9	0	0	0	0	0	0
0	0	0	0	-70.7	0	0	0	0	0	0	0	0	0	0	30.9	0	0	0	0.148	0	0	0	0	0
0	0	0	0	0	0	0	0	0	0	-18.6	0	0	0	0	0	0	0	0	0	0	0	0	0	0
0	-59	0	0	0	0	0	0	0	0	0	0	0	0	0	0	-60.6	0	0	0	0	0	0	0	0
0	0	0	0	-38	-50.3	0	0	0	-23.1	0	0	0	0	0	0	0	0	-3.9	0	0	0	0	0	0
0	0	0	0	0	0	0	0	-54	0	30.8	0	0	0	0	0	0	0	0	0	0	0	0	0	-38.4
0	59.2	0	0	0	0	0	0	0	0	0	-18.2	0	0	0	0	0	0	0	0	0	0	0	0	0.138
0	0	0	0	0	0	0	0	0	0	0	0	-62.9	0	0	0	0	0	0	0	0	0	0	0	0
0	0	-58.6	0	0	0	0	0	0	0	0	0	0	0	0	0	0	0	0	0	0	0	0	0	0
0	0	0	61.3	0	0	0	0	0	0	0	0	0	0	0	0	0	0	0	0	0	0	0	0	0
0	0	-32.8	0	0	0	0	0	0	0	0	0	0	0	42.7	-9.13	0	0	0	0	0	0	0	0	0
0	-68.9	0	0	0	0	0	0	0	0	0	0	0	0	0	0	0	0	0	0	0	0	0	0	0
63.5	0	0	0	0	0	0	0	0	0	0	0	0	0	0	0	0	0	0	0	0	0	0	0	0
0	28.9	0	0	0	0	0	-42.2	0	0	0	0	0	0	0	0	2.66	0	0	0	0	0	0	-30.3	0
0	0	60.8	0	0	32.7	0	0	0	0	0	0	0	0	-74.1	0	0	0	0	0	0	0	0	0	0
0	0	0	0	-39.2	0	69.4	0	0	0	46.4	0	0	0	21.2	0	0	0	0	0	0	0	0	0	0
13.4	30.3	0	0	0	0	0	-35	0	0	0	0	0	0	0	0	-6.28	0	0	0	0	0	0	0	0
0	0	0	0	0	0	0	56.5	0	0	0	0	0	0	0	0	0	0	0	0	0	-69.5	57.1	0	0
0	0	0	0	0	0	0	0	0	0	0	0	0	0	0	0	0	0	0	0	0	0	0	0	0
0	0	-45.1	1.26	0	-35.9	-32.1	0	0	0	-4.35	0	0	0	0	0	0	0	0	0	-51.1	0	0	0	0
0	0	52.7	0	0	0	0	0	0	0	0	0	0	0	0	0	0	0	0	0	23.7	0	0	0	0
0	0	0	0	0	0	0	0	0	0	0	0	0	0	0	0	0	0	0	0	0	0	0	0	0
0	12.4	0	0	0	0	0	0	-26.2	0	0	0	0	0	0	28.8	0	0	0	0	0	0	0	0	0
0	0	0	0	0	0	0	0	0	0	0	0	0	0	0	0	0	0	0	0	0	0	0	0	-10.7
0	-63	0	0	0	0	0	0	0	0	0	0	0	-3.7	0	0	0	0	0	0	0	0	0	0	0
0	0	0	0	0	-37.5	-30.3	0	0	0	0	0	0	0	0	0	0	0	0	0	0	0	0	-20.3	0
0	0	0	0	0	0	0	-59.6	0	0	0	0	0	0	0	0	0	0	0	0	0	0	0	0	0
0	0	7.66	0	0	0	0	53.1	0	0	49	0	0	0	0	0	0	0	0	0	0	28.7	0	0	0
0	0	0	0	0	0	-13.3	0	0	-62.6	0	0	0	-8.5	-3.93	0	0	0	0	0	0	0	0	0	-57.2
0	0	0	0	0	0	0	0	47.8	0	0	0	-37.7	0	0	0	0	0	0	-30.8	0	0	0	0	0
0	0	0	0	0	0	0	0	0	0	0	0	0	0	0	0	0	0	0	0	0	0	0	0	0
0	0	0	0	0	0	0	0	0	0	0	0	0	0	-46.6	-72.1	0	0	0	-53.2	0	0	0	0	0
0	0	0	0	0	0	0	0	67.2	0	0	0	0	0	0	0	-73.5	0	0	0	0	0	0	60.2	20.1
0	0	0	0	0	0	0	0	0	0	0	0	0	0	0	19.1	0	0	0	0	0	-63.7	0	0	0
0	70.7	0	0	0	0	0	0	0	0	0	0	0	0	0	0	0	0	0	0	0	0	0	70.2	0
0	0	-61.4	0	0	0	0	0	0	0	0	0	0	0	0	0	0	0	0	0	0	0	0	0	0
0	0	0	0	0	0	0	0	0	0	-8.91	0	0	0	0	0	0	0	0	0	0	0	0	0	0
0	0	0	0	0	0	0	0	0	0	0	-8.87	0	0	0	0	0	-24.6	0	0	0	0	0	0	0
0	0	0	0	0	0	0	0	0	0	0	0	0	0	0	0	50.9	0	0	0	0	0	55.8	0	0
0	0	0	0	0	0	0	0	0	0	0	0	61.3	0	0	0	0	0	0	0	30.2	0	0	0	0
0	0	0	0	0	0	72.7	0	0	0	0	-31.1	0	-5.45	0	0	0	0	0	0	0	0	55.8	-27.9	0
0	0	0	0	0	0	0	9.88	0	0	0	0	0	0	0	0	0	0	0	0	0	9.03	0	0	36.3
0	0	61.2	0	0	0	0	0	0	0	0	0	0	0	0	0	0	0	54.3	0	0	0	0	57.3	0
0	0	-18.2	0	0	0	0	0	-60	0	0	0	0	0	0	0	0	0	0	0	0	0	-19.1	0	0
0	0	0	0	-67.2	0	0	0	0	0	0	0	0	0	0	0	0	0	0	0	0	0	0	0	0
0	0	0	0	21.3	0	0	0	0	0	0	0	0	0	0	0	0	0	0	0	0	0	0	0	0
0	0	0	0	10.7	-3.89	0	0	-17.6	0	0	0	0	0	0	16.4	0	0	-1.08	0	0	-8.12	0	0	0
-10.2	0	0	0	0	0	0	0	0	0	0	0	0	0	0	0	0	0	7.05	0	0	0	0	0	0
0	0	0	0	0	0	0	47.6	0	0	0	0	0	0	0	0	0	0	0	0	0	0	0	0	0
0	0	0	0	0	0	0	0	0	0	0	0	0	0	0	0	0	0	0	0	0	0	0	0	0
0	0	0	0	0	0	0	0	0	0	74.4	0	0	0	0	0	0	0	0	0	0	0	0	0	0
0	0	0	0	0	0	0	0	0	0	0	0	54.2	0	0	0	0	0	0	0	0	0	0	0	0
0	0	0	0	0	0	0	0	0	0	0	0	-24.5	0	0	12.2	0	0	0	0	0	0	0	0	63.4
0	0	0	0	0	0	0	0	0	0	0	0	0	0	0	0	0	0	-4.54	0	0	33.7	0	11.6	0
0	0	0	0	0	0	0	0	0	0	0	0	-22.3	0	0	0	0	0	0	0	0	0	0	0	0
0	0	0	0	0	0	0	0	0	0	0	0	0	0	0	0	0	0	6.24	0	0	0	0	0	0
0	0	0	-19.9	0	0	0	0	0	0	0	0	-40	-62.6	0	0	0	0	0	0	0	0	0	0	0
0	9.93	0	0	0	0	0	0	0	0	0	64.8	0	0	0	0	0	0	31.8	45.2	0	0	0	0	0
0	0	0	0	0	0	0	0	0	0	0	0	0	0	0	0	0	0	0	0	0	35.3	0	0	0
0	0	0	0	0	0	-43.1	0	0	0	0	0	48	0	-25.3	0	0	-47.8	-25	0	0	0	0	0	0
0	0	0	0	0	0	0	0	0	0	0	0	0	0	0	0	0	0	0	0	0	0	0	0	0
0	0	0	0	0	0	0	0	0	0	0	23.8	0	0	-57	0	0	0	0	0	0	0	0	0	0
0	0	0	42.1	0	0	0	-2.29	0	0	0	0	0	0	0	0	0	0	0	0	-11.2	0	0	0	0
0	0	0	0	0	0	0	0	0	0	0	0	0	0	0	0	0	48.4	0	0	0	0	0	0	0
0	0	0	0	0	0	0	0	0	-68.4	0	0	0	0	0	0	0	0	0	0	0	0	0	0	0
0	-10.3	0	0	57.9	0	0	33.3	0	0	0	0	0	0	73.5	0	0	0	0	1.47	0	0	0	0	0
0	0	0	0	0	0	0	0	0	0	0	0	0	0	0	0	-10.1	0	0	13.8	0	0	0	0	0
0	10.4	0	0	0	0	7.08	0	0	0	0	0	0	0	0	-57.4	0	-36.4	0	0	0	0	0	0	0
-42.9	20.9	0	0	0	0	0	0	0	0	0	0	0	0	0	0	0	0	0	0	27.7	0	0	0	0
0	0	0	0	0	42	19.3	0	0	0	43.7	0	0	0	-60	0	0	0	0	0	0	0	0	0	0
0	0	-15.5	0	0	0	0	0	0	-42.6	0	0	0	0	0	0	0	0	0	0	0	0	0	0	0
0	0	0	0	0	0	69	0	0	0	0	0	0	0	0	0	0	0	0	11.1	0	0	0	-34.2	0
0	0	0	0	0	0	0	0	0	0	0	0	0	0	0	0	0	0	0	0	0	0	0	0	0
0	0	0	0	0	0	0	0	0	0	22.1	0	0	0	0	0	0	0	0	0	0	0	0	0	0
0	0	0	0	0	0	47.5	0	0	0	0	0	0	0	0	0	0	0	0	0	0	0	0	0	0
0	0	0	0	53.8	0	0	0	0	0	0	0	0	46.3	0	0	0	0	0	0	0	0	0	0	0
0	0	-66	0	0	0	0	0	0	0	0	0	0	0	0	0	0	0	0	0	0	0	0	0	0
63	0	0	0	0	0	0	0	0	0	0	0	0	0	0	0	0	0	0	0	0	0	0	0	0
0	0	0	0	0	0	0	0	0	-58.9	0	0	0	0	0	0	28.4	0	0	0	0	0	0	0	0
0	0	0	0	0	0	-74.2	0	0	0	0	0	0	50.5	0	74.9	0	0	0	0	0	0	0	0	0
0	0	0	0	0	0	0	0	0	0	0	60.9	0	0	0	0	0	0	0	0	0	-63.4	0	0	0
0	0	0	5.86	0	0	0	0	0	0	0	0	0	0	54.9	0	0	0	0	0	0	0	0	0	0
0	0	0	0	0	0	0	0	0	0	0	0	0	0	-3.3	0	0	0	0	0	0	0	0	0	0
0	0	0	0	0	0	32.1	0	0	0	-10	0	0	0	0	0	0	0	0	0	0	0	0	59.9	0
0	0	0	0	0	0	0	0	0	0	0	0	0	0	0	0	18.8	0	0	0	0	0	0	0	0
0	0	-44.7	0	0	21.8	0	0	0	0	7.74	0	0	0	0	0	0	0	0	0	0	0	0	0	0
62.4	0	0	0	0	0	0	0	0	0	-6.18	-8.88	0	0	0	0	0	0	0	0	0	0	0	0	0
0	0	0	0	0	0	0	0	0	0	0	0	0	0	-50.7	0	0	0	0	0	0	0	0	0	-16.3
0	0	0	0	0	0	-9.16	0	0	0	0	0	-58.6	0	-74	17.7	0	0	0	0	0	0	0	0	0
0	0	0	0	0	0	0	0	0	0	0	0	-17.2	0	0	0	0	0	0	0	0	0	0	0	-22.5
0	0	0	71.4	0	0	0	1.52	0	0	0	0	0	0	0	0	0	-66.8	0	0	0	0	0	0	0
0	0	0	0	59.8	0	0	0	0	0	0	0	0	0	67.7	0	0	0	0	0	-41	0	0	0	0
0	0	0	-71.7	0	0	0	0	0	0	0	0	0	0	0	0	0	0	0	0	0	0	0	0	0
0	-0.698	0	0	0	0	0	0	0	0	0	0	0	0	0	-40.5	0	0	0	0	0	0	0	0	0
0	0	0	0	0	0	0	0	0	0	0	0	0	0	0	-14.7	0	0	0	0	0	0	0	0	68.4
0	0	0	0	0	0	0	0	0	67.3	0	0	0	-5.23	0	0	0	0	0	0	0	0	0	0	0
0	0	0	0	0	0	0	0	0	-73.2	0	0	0	0	0	0	0	0	0	46	0	0	0	0	-57
0	0	0	0	0	0	0	0	0	0	0	0	0	0	0	0	0	0	-72.4	0	0	-7.79	0	0	0
0	0	0	-31.3	0	0	0	0	0	0	0	0	0	0	0	0	0	0	0	0	0	65.7	0	0	0
0	0	0	0	0	25.5	0	0	0	0	0	0	0	0	0	26.4	0	0	0	0	0	0	0	0	11.4
0	0	0	0	0	0	0	0	0	0	0	0	0	0	0	0	0	0	-1.79	0	0	0	0	0	0
0	0	0	0	0	0	-35.2	0	0	0	0	0	0	0	0	0	0	0	0	0	0	0	0	0	0
0	0	0	0	0	0	0	0	0	43	43	60.4	0	0	0	0	0	0	0	0	0	0	0	0	0
0	0	0	0	0	0	0	0	30.9	19.8	0	0	-27	0	-22.7	0	0	0	0	0	0	0	0	0	0
0	0	0	0	0	0	0	0	0	0	-30.5	0	0	0	-67.8	40.8	0	0	0	0	0	0	0	0	0
0	0	0	0	0	0	0	61.1	0	0	0	0	0	0	0	0	0	0	0	0	0	0	0	0	0
0	0	0	0	0	0	0	0	0	0	0	0	0	0	0	42.8	0	0	43.6	0	0	0	0	0	-14
5.39	0	0	0	0	0	0	0	0	0	0	0	0	0	0	0	0	0	0	0	55.1	0	-66	0	0
0	0	0	0	0	0	0	0	0	0	0	0	0	0	38.2	0	0	0	0	0	0	0	0	0	0
0	0	0	0	0	0	0	0	0	0	0	0	0	0	0	0	0	0	0	0	0	0	0	0	0
0	0	30.6	0	0	0	0	0	0	0	0	0	0	0	0	0	0	74.9	0	0	0	-13.9	0	0	0
0	0	0	0	25.6	0	0	0	0	0	0	0	43.3	0	-5.87	29.5	0	0	0	0	0	0	0	0	0
0	0	0	0	0	0	0	0	0	0	0	0	0	0	0	0	19.1	0	0	0	0	0	0	0	0
0	0	0	0	0	0	0	0	0	0	0	0	0	0	0	0	0	0	0	0	0	0	0	0	0
67.5	0	0	0	0	0	0	0	29.9	0	0	0	0	0	0	10.5	0	0	0	0	0	19.5	-15	0	0
0	0	0	0	0	0	0	0	0	0	0	0	0	0	0	0	0	0	0	0	0	0	0	0	0
0	0	0	0	0	0	0	0	0	0	0	0	0	0	0	0	0	0	0	0	0	0	0	0	0
19.9	-48.6	0	0	0	0	0	0	0	0	0	25.5	0	0	0	0	0	0	0	-59.1	0	0	0	0	0
17.8	0	0	0	0	0	0	0	0	0	0	0	0	0	-65.8	0	0	-21	0	0	0	0	0	0	0
0	0	0	0	0	36.2	0	0	0	0	0	0	0	0	0	0	-48.9	0	0	0	0	58.2	0	0	0
0	0	0	0	-1.63	0	0	0	0	0	0	0	0	0	19	0	0	0	0	0	0	0	0	0	0
0	0	0	0	0	0	0	0	0	0	0	0	0	0	0	0	0	0	0	0	0	0	0	0	0
0	0	0	0	0	0	0	0	0	0	0	0	0	0	0	0	0	-32.2	0	0	0	0	0	0	0
0	0	0	0	0	0	0	0	0	0	0	0	0	0	0	-74.1	0	0	49.5	0	0	0	0	0	0
0	0	0	0	72.2	0	0	0	0	0	0	0	0	0	0	0	0	0	0	0	0	0	0	0	-23.1
0	0	0	0	14.7	0	0	0	0	0	0	-39.2	0	0	0	0	0	0	0	0	0	0	30.4	4.64	0
0	0	0	0	0	0	0	-66.4	0	-54.5	0	0	0	0	0	0	0	0	0	0	0	0	0	0	-23.1
0	0	0	0	0	0	0	0	0	0	0	0	0	0	0	0	0	0	0	0	0	0	-21.7	0	0
0	0	0	0	0	0	0	0	0	0	0	0	-73.7	0	0	0	0	0	0	0	22.4	13.3	-47.1	0	0
0	0	0	0	0	0	0	0	0	0	0	0	0	0	0	0	0	0	0	0	0	0	0	0	0
0	0	0	0	0	0	0	0	0	0	0	0	0	11.3	0	48.1	0	0	0	0	0	0	0	0	0
0	0	0	0	0	0	0	0	0	0	0	0	0	0	0	0	0	0	0	0	0	0	0	0	0
0	0	10.3	0	0	0	0	0	47.4	0	0	0	0	0	43.1	0	0	0	39.3	0	0	0	0	0	0
21.5	0	0	0	0	0	0	0	0	-30.2	0	-44.5	0	0	0	0	0	0	0	0	0	-39.2	0	0	0
0	0	0	0	0	0	0	0	0	0	0	0	0	0	0	0	0	0	0	0	0	0	0	0	0
0	0	0	0	0	0	-22.1	0	0	0	0	0	0	29.2	21.1	0	0	0	0	0	-71.2	-38.9	53.6	-51.1	0
-48.4	0	34.5	0	0	0	0	0	0	0	-8.19	0	0	57.3	0	0	0	0	0	0	0	0	0	0	0
0	0	0	0	0	0	0	-24.2	0	0	0	0	0	0	0	0	0	0	0	0	0	0	0	0	0
0	0	-19.9	0	0	0	0	0	0	0	0	0	0	0	0	0	0	0	0	0	0	0	0	0	0
0	0	3.31	0	0	0	0	21.5	0	0	-14.1	0	0	0	0	0	0	3.6	0	0	0	-35.6	43.3	0	0
0	0	0	31.7	0	0	0	0	0	0	0	0	0	27.5	0	0	0	0	0	0	31.2	0	0	0	0
0	51.6	0	0	0	0	0	0	0	0	0	0	0	0	0	0	0	0	0	0	24.5	0	0	0	0
-35.7	0	0	0	-17.8	0	0	0	0	-12.9	0	0	0	0	0	0	0	-10.8	0	0	0	0	0	0	0
0	0	0	0	0	0	0	0	0	-59.5	0	0	0	0	0	0	0	0	0	0	0	0	0	0	0
