0	0	0	0	0	0	0	0	0	0	0	0	0	0	0	0	61.7	0	0	0	0	0	0	0	0
0	0	0	0	0	0	0	17.3	0	0	0	0	0	0	0	0	0	0	0	0	0	0	-33.2	0	0
0	0	0	0	0	0	0	0	0	0	0	0	0	0	0	0	0	43.6	0	0	0	0	0	0	0
0	0	0	-49.5	0	0	0	0	0	0	-48.9	0	0	0	0	0	0	0	27.1	0	0	0	0	0	0
0	0	0	0	0	0	0	0	0	0	29.6	0	0	53.3	0	0	0	0	0	0	0	0	0	-35	0
0	0	0	0	0	0	0	0	0	0	5.59	0	0	0	0	0	0	0	0	0	0	0	0	0	23
0	0	0	0	0	0	0	0	0	0	26.6	0	0	0	0	0	0	0	0	0	0	0	0	0	41.9
0	0	0	0	0	0	0	0	0	0	0	35.2	0	-25.5	0	0	0	0	0	-28.8	0	0	0	0	0
0	0	0	0	0	0	0	0	0	0	0	0	0	0	0	-64.9	0	0	0	0	0	0	-3.3	0	0
0	0	0	0	-15.3	54.4	0	-45.2	0	0	0	0	0	0	0	-36.1	0	0	0	0	0	0	0	0	0
0	0	18.1	0	0	-23.1	0	57.5	0	0	0	0	47.6	0	0	0	0	0	0	0	19.1	0	0	0	0
0	0	0	0	0	0	0	0	0	0	0	0	0	0	0	0	0	0	0	0	17.6	0	0	0	0
0	0	0	0	0	0	0	0	0	0	0	0	0	0	0	70.5	56.9	0	0	0	0	0	0	0	0
0	0	0	0	0	0	0	0	0	0	0	0	0	0	0	0	0	0	0	0	0	0	0	0	0
0	0	0	0	0	0	0	0	0	0	0	0	0	0	0	0	0	0	0	0	0	0	0	0	0
0	0	0	0	0	0	0	0	0	0	0	0	0	0	0	0	0	0	0	0	0	0	0	0	0
0	0	0	0	0	0	0	0	0	-53.5	0	58.2	0	0	0	0	0	0	0	0	0	0	0	0	0
0	0	0	-53	0	0	0	0	0	0	0	0	0	0	0	0	0	-43.1	0	0	0	0	0	0	0
0	0	0	0	0	0	0	62.4	0	0	0	0	0	0	-4.45	0	0	0	0	0	0	0	21.5	0	0
0	0	0	0	0	0	0	0	0	0	0	0	11	0	0	0	0	0	0	0	0	0	0	0	0
-59	0	0	0	0	0	0	0	39.9	0	0	0	0	0	0	0	0	0	0	0	0	0	0	0	0
0	0	0	0	0	0	0	0	0	0	0	0	0	0	0	0	0	0	0	0	0	0	0	0	2.83
0	0	0	0	0	0	0	0	0	0	0	0	0	4.87	0	0	0	0	0	0	0	0	0	0	0
0	0	0	0	-61.4	0	0	0	0	0	0	0	2.68	0	0	0	0	0	0	0	0	0	0	0	0
0	0	0	-59.6	0	0	0	0	0	0	0	0	44.2	-53.5	0	0	-10	0	0	0	0	0	0	0	0
0	0	0	0	0	0	0	0	0	0	0	0	0	0	0	0	71.6	58.4	0	0	0	0	0	72.9	0
0	0	0	0	0	0	0	0	0	23.1	0	0	0	53.4	0	0	0	0	0	0	0	0	0	0	0
0	0	0	0	0	0	0	21.6	0	0	0	0	0	0	51.1	0	0	0	0	0	0	0	0	0	0
0	0	0	30.4	0	0	41.2	-42.6	0	0	0	0	0	0	0	0	0	0	0	0	0	0	0	0	0
0	-43	0	0	0	0	54.9	0	0	0	0	24.7	0	0	0	0	0	0	0	0	0	0	0	0	0
0	-26.4	0	0	0	0	0	32.4	0	-51.5	-16.3	0	0	0	0	53.2	0	0	0	0	0	0	0	0	0
0	0	0	59.3	0	0	-23.5	0	0	0	0	0	0	0	0	0	-72.5	15	0	0	0	0	0	0	0
0	0	0	0	0	0	0	0	0	0	0	0	0	0	0	0	0	0	0	0	0	0	0	0	0
0	0	0	0	0	0	0	0	0	0	0	0	15.4	0	18.6	-11.4	0	0	0	13.9	0	0	0	0	0
0	0	-29.6	0	0	0	0	0	0	0	0	0	-33.6	-23.6	0	0	0	0	0	0	-14.9	0	0	0	0
0	0	0	0	0	0	0	0	0	0	-54.6	0	0	0	0	0	0	0	0	0	0	0	0	0	0
42.8	0	0	0	0	0	0	-65.7	-8.3	0	0	0	0	0	0	64.2	0	0	0	0	0	0	0	14.5	0
0	0	0	0	0	0	0	0	0	0	0	0	0	0	0	0	0	0	0	0	0	0	0	0	0
0	0	63.8	0	0	0	-19.8	0	0	4.28	0	0	0	0	0	60.3	0	0	0	0	-70.7	0	0	0	0
0	0	0	0	0	0	-13.3	0	0	25.2	0	0	0	0	0	0	0	0	0	0	0	0	38.7	0	0
0	0	0	0	0	0	0	0	0	0	65.5	0	0	0	0	0	0	0	0	0	0	0	0	-0.777	0
0	0	0	0	0	0	0	0	0	0	0	0	0	0	0	0	0	0	0	0	0	0	0	0	0
0	0	0	0	0	0	0	0	0	5.58	0	0	0	0	0	0	0	0	0	0	0	0	26.5	2.48	47.1
0	0	0	0	0	0	0	0	0	0	0	0	0	0	0	0	0	0	0	0	0	0	0	0	0
0	0	23.9	0	-50.5	0	31.5	-54.2	0	0	0	0	0	16.9	0	46.2	0	58.4	0	0	0	0	0	0	0
0	0	0	0	0	0	0	0	0	0	0	-3.84	0	0	-6.57	0	0	12.9	0	0	0	0	0	-12.6	0
0	0	0	0	0	0	0	0	0	0	0	0	-4.34	0	0	0	-18.1	0	-37.6	0	0	0	0	0	0
0	0	0	0	0	0	27.2	0	0	0	0	0	0	0	0	0	0	0	0	0	0	0	0	0	-63.7
0	0	0	0	0	0	0	3.52	0	0	0	0	0	0	0	0	0	0	0	0	0	0	0	61.8	0
0	0	0	0	0	0	0	-65.4	0	0	0	0	0	7.25	0	0	0	0	0	0	0	-8.44	0	0	0
0	0	0	0	0	0	0	0	0	0	0	0	0	0	0	0	0	0	0	0	0	0	0	0	0
0	0	0	0	0	0	0	0	0	0	0	0	0	0	0	0	-66.9	0	0	0	0	0	0	0	0
0	0	-19.6	0	0	59.9	0	0	0	0	0	0	0	0	33.2	0	0	55.6	0	0	0	0	0	0	0
0	0	0	0	0	0	0	0	0	0	0	0	0	0	25.8	0	0	0	0	0	0	0	-38	0	0
0	0	0	0	0	0	0	0	0	21.2	-55.1	0	0	0	0	-5.7	0	0	0	0	0	0	0	0	-44.7
0	0	0	0	0	0	0	0	0	0	0	0	0	0	0	0	0	0	0	0	0	0	0	0	0
0	58.2	0	0	0	0	0	0	0	0	0	0	0	0	0	0	0	0	0	0	0	0	0	0	0
0	0	0	0	-34.9	0	0	0	0	0	0	0	45.7	0	0	0	0	0	0	-37.2	51.2	0	0	0	0
0	0	0	0	0	0	0	38.1	0	0	0	0	0	21.3	0	0	0	0	0	0	0	0	0	0	0
0	0	0	0	41.3	0	0	0	0	0	0	0	0	0	0	-16.2	0	0	0	0	0	0	10.6	0	0
0	0	0	0	0	0	0	0	0	0	0	0	0	0	0	0	0	-23.2	0	0	0	0	0	0	72.6
0	0	0	41.5	0	0	0	37.3	0	0	-39.9	0	0	0	0	0	0	0	0	0	0	0	0	-11.9	0
0	0	0	0	-46.7	0	0	0	0	0	0	0	0	0	0	0	0	0	0	0	-65.8	0	0	0	0
0	0	0	0	0	0	0	0	0	0	0	0	0	0	0	0	0	0	0	0	0	0	-21	0	0
0	73.8	0	0	0	0	0	0	0	-17.1	0	0	0	0	0	0	0	0	0	0	-10.3	0	0	0	0
0	0	0	0	0	0	0	0	0	0	0	0	0	0	0	0	0	0	0	0	0	0	0	71.1	0
0	0	0	0	0	0	0	0	0	0	0	0	0	54	0	0	0	0	0	0	0	0	0	0	0
0	0	0	0	0	0	0	0	0	0	0	0	0	0	0	0	0	0	-41.7	0	0	0	0	0	0
-6.39	0	0	0	0	0	0	0	0	0	0	0	0	0	0	0	0	0	0	0	0	-68	0	0	0
0	0	-25.9	0	0	0	0	0	0	0	0	0	0	0	0	0	0	0	0	0	0	0	0	0	0
0	0	0	0	61.3	22.6	-15.1	0	0	0	-36.7	0	0	2.96	0	0	0	0	0	0	0	0	0	0	0
0	0	0	0	0	0	-34.4	0	0	0	0	49.3	0	0	0	0	0	0	0	0	0	0	0	0	0
0	0	0	0	39.4	0	54.6	0	0	0	0	0	0	0	0	-64.7	0	0	0	0	0	0	0	0	0
0	0	0	0	0	0	0	0	57.2	0	0	0	-13.8	32.8	0	0	0	0	0	-27.9	7.34	-22.3	0	0	0
0	0	-22.7	-42.2	0	0	0	-33.3	0	0	0	0	0	0	0	0	0	0	0	0	0	0	0	0	0
0	0	0	0	0	0	0	0	-61	0	0	0	0	0	0	0	0	0	0	0	0	0	0	-5.72	0
0	0	41.8	0	0	0	0	0	0	0	0	0	0	0	0	0	0	0	0	0	0	0	0	0	0
0	-53.8	0	0	0	0	0	27.6	0	0	0	0	0	0	0	0	0	0	0	0	0	0	0	0	0
0	0	0	0	0	0	0	0	0	0	0	0	39.8	0	37.3	0	0	0	0	0	0	0	0	0	0
0	0	51.4	0	0	0	0	0	0	0	0	0	0	0	0	0	0	0	0	0	-21.2	0	0	0	0
0	0	0	0	0	0	0	0	0	0	0	0	0	0	0	0	0	0	0	0	0	30.1	0	0	56.1
0	0	0	0	0	0	0	0	0	0	0	0	0	11.9	0	0	0	0	0	0	0	0	0	0	0
0	44.4	0	0	0	0	0	-15.1	10.2	0	0	0	0	0	0	0	-17.2	0	0	0	0	0	0	0	0
0	0	0	0	0	0	0	0	0	0	0	0	0	0	0	0	0	0	0	0	0	0	0	0	-20.6
0	-5	0	0	0	0	0	0	0	0	0	0	0	0	0	0	0	0	0	0	0	0	0	0	0
0	0	0	0	0	0	0	0	0	0	0	65.7	0	0	0	0	0	-28.3	0	0	0	0	0	0	0
0	53.4	0	0	0	0	68.4	0	0	0	0	0	0	0	0	0	0	0	0	-0.227	0	0	0	0	0
0	0	0	0	0	0	0	-43.6	11.3	0	14.7	0	0	0	0	0	0	0	0	0	0	0	0	0	0
0	0	0	0	0	0	0	0	0	0	0	0	0	0	0	0	0	0	0	0	0	0	0	0	0
0	0	0	0	73.6	0	-7.29	0	-41.9	0	0	0	0	0	0	0	0	0	0	0	0	0	0	0	0
0	0	0	0	0	-44.2	0	0	0	0	0	0	0	0	0	0	0	0	0	0	0	0	0	0	0
0	0	0	0	0	0	0	0	0	0	0	0	0	0	0	0	0	0	0	0	0	0	0	0	0
0	0	0	0	0	0	0	0	0	0	0	0	0	0	0	0	0	0	0	0	0	0	-45.1	0	0
0	0	0	0	0	0	0	0	0	0	0	0	0	0	0	0	0	0	0	-14.4	0	0	0	0	0
0	0	0	0	0	0	0	0	0	0	0	33.1	0	0	0	0	0	0	44.3	0	0	0	0	0	-56.5
0	70	0	0	0	0	0	0	0	0	0	0	0	0	36.9	0	0	0	0	0	0	16.5	0	0	0
0	0	-9.37	0	56.8	0	0	0	0	-14.9	0	0	0	24.6	0	0	0	0	0	0	0	0	0	0	0
0	0	0	0	0	0	0	-53.1	0	0	0	0	0	0	0	0	0	0	0	0	0	0	0	0	0
0	0	0	0	0	0	0	0	0	0	0	0	0	0	18.2	0	0	0	0	0	0	0	-8.16	0	0
0	0	0	0	0	-0.335	0	0	0	48.4	0	0	0	0	0	0	0	0	0	0	0	0	0	0	0
0	0	-13.9	0	0	0	0	0	-0.413	0	0	0	0	0	0	0	0	0	0	0	0	-23.6	0	0	0
0	0	0	0	0	0	0	0	0	0	0	0	0	0	0	0	0	0	0	0	0	0	0	0	0
0	0	0	0	0	0	0	0	0	0	0	0	0	0	0	0	0	0	0	-0.782	0	0	0	0	0
0	-14.2	0	0	0	0	0	0	0	0	0	0	0	0	0	0	0	0	0	0	0	0	18.4	0	0
-44.3	0	0	0	0	0	0	0	-45.2	0	0	0	0	0	0	0	26.1	-38.4	0	0	0	0	0	-16.6	0
0	-40.6	0	0	0	0	0	0	57	38	0	0	0	0	0	0	0	0	0	-16.3	0	0	0	0	0
0	0	0	0	0	0	0	0	0	0	0	0	0	0	0	0	0	0	0	0	0	0	0	0	0
0	0	0	0	0	0	0	0	0	0	0	0	0	0	0	-52.8	0	0	0	0	0	0	52.7	-51.4	44.7
0	0	0	0	0	0	0	0	0	0	0	0	0	0	0	0	0	0	0	0	0	73.4	0	0	-24.5
0	0	0	0	0	0	0	0	0	0	0	0	0	0	0	0	0	0	0	0	36.1	0	0	0	0
0	0	0	0	0	0	0	-21.8	0	0	0	0	45.4	0	0	0	-24.5	0	0	24.5	0	0	0	0	0
0	0	0	0	0	0	0	0	0	0	0	0	0	0	0	0	0	0	0	0	0	0	0	0	0
0	0	51.8	0	0	0	0	0	0	0	0	0	0	0	0	0	0	0	0	0	0	0	9.36	0	0
0	0	-8.61	-73.4	0	0	70.4	0	0	0	0	2.09	0	0	0	0	0	0	0	0	0	0	0	0	0
31.4	0	0	0	0	0	0	0	0	0	38.8	0	50.4	0	0	0	0	0	0	0	0	0	0	0	0
0	0	0	0	0	0	0	0	0	0	0	0	0	0	0	0	0	0	0	0	0	0	0	0	0
11.3	0	0	-9.66	0	0	0	0	0	0	0	0	0	0	0	-50.3	0	0	0	0	0	0	0	0	0
0	0	0	0	0	-37.5	0	0	0	0	0	0	0	55.5	0	0	-14.8	0	0	0	0	0	0	0	0
0	0	0	-47.7	0	0	0	0	0	0	0	36.9	0	0	0	0	0	0	0	0	13.3	0	0	69.3	0
0	0	0	0	0	0	-28.4	0	0	0	0	0	0	0	0	0	0	0	0	16.4	0	0	0	0	0
0	0	0	0	0	0	0	0	0	0	0	0	0	-45.9	0	0	0	0	0	0	0	0	0	0	0
0	0	0	-42.5	0	0	0	0	-59.5	0	0	0	0	0	0	0	0	0	0	0	0	0	0	0	0
0	0	0	25.1	0	0	0	0	0	0	0	10.7	0	0	0	0	0	4.9	0	0	0	0	0	0	0
0	0	0	0	0	0	0	0	0	0	0	0	0	0	0	0	13	0	0	0	0	0	0	0	0
0	-17.1	0	0	0	0	0	0	0	0	0	0	0	0	0	0	62.9	0	0	0	0	-40.4	0	0	0
0	0	73	-65.1	0	0	9.37	0	0	0	0	0	0	0	0	0	0	0	0	0	0	0	0	0	0
0	0	0	0	0	0	-26.8	0	0	0	0	0	-9.66	0	0	-7.68	0	0	0	0	0	0	0	0	-7.72
40.3	0	0	0	0	0	0	0	0	0	30.3	0	0	0	0	0	0	0	0	0	0	0	15	0	0
0	0	0	0	0	0	0	0	0	0	0	36.8	0	-30.4	0	0	0	0	0	0	0	0	0	0	18.7
0	0	0	0	0	0	0	0	0	0	0	0	0	0	0	0	0	0	0	0	0	-11.5	0	0	-49.5
0	0	0	0	0	0	0	0	0	0	0	0	0	0	0	0	0	0	0	0	0	0	40	0	0
0	0	0	0	0	30.7	0	0	7.8	0	0	0	0	-61.2	0	0	0	0	-23.4	0	-52	0	0	0	0
0	0	0	0	0	0	0	0	0	0	0	0	0	0	0	-31.2	0	0	69.7	-46.1	0	0	0	0	0
0	0	0	0	0	0	0	0	0	61.2	0	0	0	32.5	0	59.1	0	0	0	0	0	0	0	0	0
0	0	0	0	0	0	0	0	0	0	33.4	0	0	0	0	0	58.3	0	0	-28.8	0	0	0	0	0
0	0	0	0	0	0	0	0	0	0	0	0	0	0	0	0	0	0	0	0	0	0	0	0	0
0	0	0	0	0	0	0	0	0	0	0	0	0	0	0	0	0	0	0	0	0	0	0	0	0
0	0	0	0	0	0	-57.6	0	0	0	0	0	0	0	0	0	0	0	0	0	0	0	0	6.91	0
0	0	0	0	0	-56	-29.8	0	0	0	0	0	0	0	0	0	0	0	0	0	0	-69.2	0	0	0
0	0	0	0	0	0	0	0	0	0	0	0	0	0	0	0	0	0	0	0	-19.8	0	0	0	0
0	0	0	0	0	0	0	0	0	0	0	0	0	0	0	0	0	0	0	0	0	0	0	0	-0.115
0	0	0	0	0	0	0	0	9.13	0	0	0	0	0	0	0	0	0	0	0	-16.4	0	0	0	0
0	0	0	0	0	0	-39.2	0	0	0	0	38.7	0	0	0	0	12.6	0	0	43.3	0	0	-33.9	0	0
0	0	0	0	0	0	0	0	0	0	0	0	0	-18.3	0	0	29	0	0	0	0	0	0	0	0
0	0	0	0	0	0	0	0	0	0	0	0	0	0	0	0	0	0	0	0	3.71	0	0	0	0
0	0	0	0	0	0	0	0	0	0	0	0	0	0	0	-30.7	39.1	0	0	0	0	0	0	-0.265	0
0	0	0	0	0	0	0	0	0	0	0	0	0	0	63.4	0	0	0	0	0	41.3	0	0	0	0
0	0	0	0	0	0	0	0	0	0	55.6	0	0	0	0	0	0	0	0	0	8.26	0	0	0	0
0	0	0	0	0	0	53.5	0	0	0	0	0	0	0	0	-57.7	0	0	0	-70.6	-10.7	0	0	0	0
-42.7	0	0	0	0	0	0	0	0	0	0	0	0	16.7	0	0	19.2	0	0	0	0	0	-73.7	0	0
0	0	0	0	0	0	0	0	0	0	0	55.5	60	0	0	0	0	0	68.6	0	0	0	0	0	0
-2.46	0	0	0	-67.7	0	0	0	0	0	0	0	0	0	0	0	0	0	0	0	0	0	-26.9	-3.82	-12
0	0	0	0	0	0	0	0	0	0	0	0	0	0	0	0	0	0	-7.58	0	0	0	0	0	0
0	0	0	0	0	0	0	0	0	0	0	0	0	0	-68.3	0	0	0	-3.44	2.06	0	0	18.7	0	0
-62.4	0	0	0	0	0	68.1	0	0	0	0	24	-51.4	0	0	0	0	0	-43.2	0	0	0	0	0	0
0	0	-0.836	-12	0	0	0	0	0	0	0	11.1	0	0	0	0	0	0	0	0	0	0	0	0	0
0	0	0	-7.76	0	0	0	0	0	0	0	0	0	0	0	63.6	0	0	0	0	0	0	0	-26.9	0
0	0	0	62.6	0	0	0	0	0	0	0	0	0	0	0	0	0	0	0	0	-30	0	0	-37.2	0
0	0	0	0	0	0	0	0	0	0	0	0	0	0	0	0	0	0	0	0	0	0	0	0	0
68.1	0	22	0	0	0	0	0	0	0	0	0	0	0	0	-57.3	0	0	0	0	0	0	0	0	0
0	0	0	0	0	0	0	0	25	0	0	0	0	0	33.7	0	0	0	0	0	0	-10.1	19.2	0	-47.7
0	0	0	0	0	0	0	0	0	0	0	0	0	0	24.6	0	0	0	0	0	0	0	0	0	0
0	0	0	-36.9	0	0	0	0	0	0	0	0	0	0	0	0	11.8	0	0	0	0	0	0	0	0
0	0	0	0	0	0	0	0	0	0	0	0	0	0	0	0	-23.3	0	0	0	0	0	0	0	0
0	0	0	0	0	0	72.2	0	0	0	0	0	0	0	0	0	0	0	0	0	0	0	0	0	0
0	0	0	0	0	0	0	0	0	0	0	0	0	0	51.6	0	0	0	0	0	0	0	0	0	0
0	0	0	0	0	0	0	0	0	0	0	0	0	0	0	0	0	0	0	52.8	0	40.4	0	0	0
0	0	0	0	0	0	0	0	0	-26.5	0	0	50	0	0	0	-8.64	0	0	0	0	0	0	0	0
0	0	0	0	0	-29.7	0	0	0	0	0	0	52.9	0	19.5	0	0	-52	0	0	0	0	0	0	0
0	0	0	0	0	0	0	0	0	33.5	0	49.8	0	0	0	0	0	0	59.8	0	0	-37.5	0	0	0
0	0	0	0	0	0	0	0	0	0	0	0	0	0	0	0	0	0	0	0	0	0	0	0	0
16.4	0	0	0	0	0	0	0	0	0	0	0	0	0	0	0	0	-54.8	0	-54.6	0	0	0	-70.9	0
0	0	54.4	0	0	0	0	0	0	0	0	0	0	0	0	0	0	0	0	-33.3	0	0	0	0	-10.8
0	0	0	0	0	0	0	0	0	0	0	0	0	0	0	4.25	0	0	0	0	0	0	39.2	0	0
0	0	0	0	0	-38.3	0	-40	0	0	0	0	0	0	0	0	0	0	0	0	0	0	0	0	-65.8
0	0	0	0	0	0	0	0	0	0	0	0	-69.8	0	0	0	0	0	0	-36.7	-64	0	0	0	0
0	0	0	0	0	0	0	0	0	-11.8	0	0	-53.5	0	48.8	0	-46.3	0	0	0	0	0	0	0	0
0	0	0	0	0	0	0	0	0	0	-23.3	0	0	0	0	0	0	0	0	0	0	0	0	0	0
49.5	0	0	0	0	0	0	0	0	0	0	0	0	0	0	0	0	0	0	0	0	0	0	0	0
0	0	0	0	0	0	0	0	0	0	-38.4	0	0	0	0	0	0	0	40.6	0	0	0	0	16.6	-73.2
0	0	0	0	0	0	0	0	0	0	0	71.6	0	0	0	0	0	0	0	0	0	0	0	0	0
0	0	0	26.7	0	0	0	0	0	0	-4.33	57.6	0	0	0	0	0	0	0	0	0	0	0	26.5	0
0	0	0	0	0	0	-1.42	0	0	0	0	0	0	0	0	0	0	0	0	0	0	0	0	0	0
31.8	0	0	0	0	0	0	0	0	0	0	0	-65.8	-10.2	0	0	0	0	0	0	0	0	0	0	0
0	0	0	-43.8	0	0	0	0	0	0	0	0	0	0	-50.6	0	0	0	0	0	0	0	0	0	0
0	0	0	0	-3.14	0	0	-32.2	56	0	0	0	0	0	0	0	0	0	-11.5	0	0	0	0	0	0
-49.7	0	0	0	0	0	0	16.4	0	-30.7	0	0	0	0	0	0	0	0	0	0	0	0	0	0	0
0	0	0	0	0	0	0	0	0	0	35	0	0	0	0	0	0	0	0	0	0	0	0	0	0
0	0	0	0	0	0	1.15	0	0	0	0	-28.6	0	0	0	0	0	0	0	0	0	0	-20.9	0	0
0	0	0	0	0	0	0	0	-37.3	0	0	0	0	0	0	0	0	0	19.4	0	0	4.81	0	0	0
0	0	0	0	0	0	0	0	-45.5	0	0	0	0	0	0	0	0	0	0	0	0	0	0	0	0
0	0	0	0	0	0	0	45	0	0	0	0	0	0	0	0	0	-52.8	0	0	0	0	0	0	0
0	0	0	0	0	0	0	0	0	0	0	0	0	0	0	0	-48.1	0	0	0	0	0	18.3	45.2	0
0	0	0	0	0	0	0	61.5	0	28.2	13.3	0	-69.4	0	0	0	0	-57.1	0	0	0	0	0	0	4.99
0	0	0	-20.1	0	0	17.6	0	0	0	0	-4.49	0	0	0	0	0	0	0	0	0	0	0	0	0
0	0	0	0	0	0	0	0	0	0	0	0	0	0	0	0	0	0	0	0	0	0	0	0	0
0	0	46.2	0	0	0	0	0	0	0	0	0	0	4.11	0	0	0	0	0	-49.8	0	-67.7	0	0	26.4
0	0	0	0	0	0	0	-53.7	66.4	0	0	0	-55.8	0	-9.86	-39.9	0	0	0	0	0	-70.3	0	0	-25.2
0	0	-8.21	0	0	0	0	0	0	0	17.7	-25.2	0	0	0	-64.2	0	-11	0	0	0	25.8	0	0	0
0	0	0	0	0	0	0	0	0	0	0	0	0	0	0	0	0	0	0	0	0	0	0	0	0
0	-34.4	0	0	0	0	0	0	0	0	0	0	0	0	0	0	0	0	0	0	0	0	0	0	0
0	-8.9	0	0	0	0	0	0	0	0	0	0	0	0	0	0	0	0	0	0	0	0	0	0	0
0	0	0	-55.7	0	-59.7	0	0	25.3	0	0	0	0	9.11	0	0	0	0	0	67.3	0	0	0	0	0
0	0	0	0	0	0	0	40.9	0	0.955	0	0	0	0	-67.6	0	9.09	0	0	0	0	0	0	-4.6	34.1
0	0	0	0	0	0	0	0	0	0	0	0	0	0	0	0	0	0	0	0	0	0	0	0	0
0	9.71	0	0	56.3	-70.9	0	0	0	0	0	47.4	0	0	0	-19.4	-26.1	0	0	0	0	0	0	0	0
0	0	0	0	28.4	0	46.1	0	0	0	0	0	0	0	0	-21.8	0	0	0	0	0	0	0	0	0
4.47	0	0	0	0	0	0	0	0	0	0	0	0	0	0	0	0	0	0	0	67	0	0	0	70.1
0	0	0	0	0	0	0	-71.7	0	0	0	0	0	0	0	0	0	0	0	0	-11.1	0	48.8	0	0
29.1	0	0	0	0	0	-24.7	0	0	-30.6	0	0	0	0	0	0	0	0	0	0	0	0	0	0	0
0	0	0	0	0	-72	0	0	0	0	0	-38.9	0	0	0	0	0	0	-4.93	0	-53.9	0	0	0	0
-41.9	0	0	0	0	0	0	43.2	0	0	0	0	0	0	0	0	0	0	0	0	0	0	0	0	0
0	-23.8	0	0	0	-36.6	0	0	0	0	0	0	0	64.4	-49.2	0	0	0	0	0	0	0	0	0	-25.2
0	0	0	0	0	0	0	0	0	0	0	-45.1	0	0	0	0	0	0	-46.8	0	0	0	0	0	0
0	0	0	0	0	0	0	0	0	0	0	66.4	0	0	0	0	0	0	0	0	0	0	0	0	0
0	0	0	0	0	0	0	0	44.8	0	0	0	0	0	0	0	0	0	0	40.5	0	0	0	0	0
0	0	0	0	0	0	-42	0	0	0	0	0	0	0	0	0	0	0	0	0	0	0	0	0	0
39.3	0	0	0	0	0	0	0	0	0	0	0	0	20.8	0	36	0	0	0	0	0	0	0	0	0
0	0	0	0	0	0	0	0	0	0	0	0	0	0	0	0	0	0	0	27.6	52.1	0	0	0	0
0	0	0	0	0	0	0	0	0	0	0	0	0	0	0	0	0	0	0	0	0	0	0	0	0
0	0	0	0	0	0	0	0	0	0	0	0	0	0	0	0	0	0	0	0	0	0	0	0	0
-69.4	0	0	0	0	0	12	0	0	0	0	-27.3	0	0	0	0	0	0	0	0	0	0	0	0	0
0	0	0	0	0	-49.6	0	0	0	0	0	0	0	0	0	0	0	-70.6	0	0	0	0	0	0	0
68.3	0	0	0	0	0	64.2	0	0	0	0	0	-33.1	0	0	0	0	0	0	0	0	0	0	0	0
0	0	0	0	0	0	0	0	69.6	0	0	0	68.3	0	0	0	0	0	0	0	0	0	0	0	0
0	0	0	60.5	53.3	0	0	0	0	0	0	0	0	0	0	0	0	0	0	0	0	0	0	0	-59.2
0	0	0	0	0	12.8	0	0	0	0	0	0	0	0	0	0	0	0	0	0	0	0	0	0	0
-66.3	0	0	0	0	0	0	0	0	0	0	0	0	73.4	0	0	0	0	0	0	0	0	0	55.9	0
0	0	11.3	0	0	0	0	0	0	0	0	0	0	0	0	0	0	0	0	0	0	0	-66.9	0	5.57
0	0	0	0	0	0	0	0	0	0	0	0	0	0	0	0	0	0	0	0	0	0	0	0	0
0	0	0	0	-30.8	0	-21.3	0	0	0	-73.6	0	0	0	0	0	0	0	0	0	0	0	0	0	0
0	0	0	0	0	0	0	0	0	0	0	0	0	0	0	24.6	-30.7	0	0	0	0	0	0	0	0
0	0	0	0	0	0	0	0	0	0	0	-52.6	20	0	0	0	0	0	0	0	0	0	-56	0	0
0	0	0	0	-67.2	0	0	0	0	0	0	0	0	0	0	0	0	0	0	0	0	0	0	0	0
0	-42.7	0	0	0	0	0	0	0	0	0	0	0	-37.9	0	0	0	0	0	0	0	0	0	0	0
0	0	0	0	0	0	0	38.6	0	0	0	0	0	0	0	0	0	0	0	29.2	0	0	0	0	0
0	0	0	0	0	0	0	22.3	0	0	0	0	0	0	0	0	12.5	0	0	0	0	0	51.4	0	0
0	0	-10.4	0	0	0	0	0	0	0	0	0	0	0	0	0	0	0	0	0	0	0	0	0	0
0	0	0	0	0	-32.5	0	0	0	0	0	0	0	0	0	0	0	0	0	0	0	0	0	0	0
0	0	0	0	0	0	0	0	0	0	0	0	0	0	0	0	0	0	0	0	0	0	0	0	0
0	0	0	10	0	0	0	0	0	0	0	0	6.65	0	0	0	0	0	0	0	0	0	21.4	0	0
-66.7	0	0	0	38.6	0	0	0	0	0	0	0	0	0	0	-38.6	0	0	0	0	0	0	0	0	0
0	0	0	0	0.519	0	6.27	0	0	62.8	0	0	0	0	0	0	60.2	0	0	0	0	0	-8.77	0	0
0	0	0	0	0	0	0	0	0	0	0	0	0	0	0	0	0	16.9	0	0	0	0	0	0	0
0	0	0	0	0	0	0	0	0	0	0	0	0	0	0	0	0	-27.6	0	0	0	0	0	0	0
0	0	0	-22.1	-26.6	0	0	0	0	0	0	0	0	0	0	57.5	0	0	0	-46.5	-27.8	0	0	0	0
0	0	0	0	0	0	0	0	-64.7	0	0	0	0	0	0	0	0	0	0	0	0	0	0	0	-22.2
0	0	0	0	0	0	0	0	0	0	0	0	0	0	0	0	0	0	0	0	0	0	0	0	0
0	0	0	0	0	0	0	0	0	0	0	0	0	0	0	0	0	0	0	0	0	0	0	0	0
0	0	0	0	0	0	0	0	0	0	0	0	0	0	0	0	0	0	29.9	0	0	0	0	63.5	0
0	0	0	0	0	0	0	0	0	0	0	0	0	0	0	0	0	0	0	-61.2	0	0	0	0	0
0	0	0	0	0	5.53	0	0	0	0	0	0	0	0	0	0	0	0	0	0	0	0	0	0	0
0	0	0	0	0	0	0	8.79	0	0	0	-45.8	0	0	0	0	0	0	0	0	0	0	-73.3	0	0
0	0	0	0	-46.1	-18.6	0	0	0	0	-24	0	0	0	0	48.3	0	0	0	0	0	0	0	0	0
0	0	0	0	0	20.4	0	0	0	0	0	0	0	0	0	0	0	0	0	0	0	0	0	0	0
0	0	-61.6	0	0	0	0	0	0	0	0	0	0	0	-59.8	0	0	0	0	0	0	-39	0	0	0
0	0	0	0	0	0	0	-33	0	0	0	-57.5	0	0	0	0	0	0	0	0	0	0	0	0	0
0	0	0	0	0	0	1.15	0	69.5	0	0	0	0	0	-58.3	64.1	0	0	0	0	0	0	-25.7	0	0
0	0	-32.7	0	0	0	0	0	0	0	0	0	0	0	0	0	0	0	0	0	0	0	36.2	0	0
0	0	0	0	0	0	18.5	-67.4	0	0	0	0	0	0	0	0	61.2	0	0	0	0	0	0	0	0
0	0	0	0	0	0	0	0	0	0	0	0	0	0	0	0	0	0	0	0	0	0	0	0	0
-67	0	0	0	0	0	0	0	57.8	0	-3.37	0	0	-40	0	0	0	0	0	0	0	0	0	0	67.5
-19.6	0	0	0	0	0	0	0	-21.5	-62.6	0	0	0	0	-48.3	0	0	0	0	0	0	0	0	0	0
0	0	0	-0.4	0	0	0	0	0	0	0	0	0	0	0	0	0	0	0	0	0	0	56.6	0	0
0	0	0	0	0	0	0	0	0	0	0	0	0	0	0	0	0	0	0	0	0	13.3	0	0	0
0	0	0	0	0	0	0	0	0	0	0	0	0	0	0	0	0	0	0	0	0	-43.6	25.7	-60.8	0
0	0	0	0	0	0	0	0	0	0	0	0	0	0	0	0	0	0	0	0	0	-35.4	0	0	0
0	0	0	0	0	0	0	0	0	-64.8	-10.1	0	0	0	0	0	0	0	0	0	0	-18.8	0	0	0
0	0	0	0	0	0	0	0	0	0	32.4	0	0	0	0	0	0	0	0	0	0	0	-35.2	-19.1	-48.2
0	0	0	0	0	0	0	0	0	0	0	0	0	0	0	0	0	0	0	0	0	0	0	0	0
0	44.5	0	0	0	18.5	0	0	0	0	0	0	0	0	0	0	0	0	-67	0	0	0	0	0	0
0	72.6	0	1.66	0	0	-62.2	0	0	0	0	0	0	0	0	0	0	0	0	0	0	0	0	0	0
0	0	0	0	0	0	0	0	0	0	0	0	0	0	0	0	0	0	0	0	-41.1	0	0	0	0
31	0	0	0	0	0	0	0	0	0	0	0	0	0	0	0	0	0	0	1.31	0	0	0	0	0
0	0	0	0	0	0	0	31.2	0	0	0	0	0	-56.9	0	0	0	0	0	0	0	0	0	0	0
0	0	0	0	0	0	0	0	0	0	0	0	0	0	0	14.9	0	27.2	0	0	0	0	0	0	19.6
0	0	0	0	0	0	0	0	19.3	14.4	0	0	0	0	0	0	0	0	0	0	0	0	0	0	0
0	0	0	0	0	0	0	0	0	0	0	0	0	0	0	0	0	0	0	0	0	0	-57	0	0
0	0	0	0	0	9.32	0	0	0	0	0	0	0	0	0	0	0	0	0	0	0	0	0	0	0
0	-68.7	0	0	0	0	0	0	0	0	0	0	0	0	0	0	0	0	0	0	0	0	0	0	0
0	0	0	0	0	0	0	0	0	0	0	0	0	0	0	4.55	0	0	12.6	0	0	0	0	0	-53.5
0	0	0	0	0	0	0	0	0	0	0	0	0	0	0	0	0	0	0	0	54	0	0	0	0
0	0	0	0	0	0	0	0	0	0	-73.3	0	0	0	0	0	0	0	-35.1	0	0	0	0	0	-66.5
0	0	64.4	0	0	0	0	0	0	0	0	0	0	0	0	0	0	0	0	0	0	0	0	0	0
0	0	0	0	23.2	0	0	0	0	0	-16.2	0	0	0	0	0	0	0	0	0	0	0	-73.1	0	0
0	0	0	0	0	0	0	0	0	0	0	0	13	0	-10.7	0	0	0	0	0	0	0	0	0	0
0	0	0	0	61.7	0	0	0	0	0	0	0	0	0	0	0	-62.2	0	0	0	0	0	0	0	0
0	0	0	0	-67	0	0	0	0	0	0	0	0	0	0	0	0	0	0	0	-45.2	0	0	0	-59
0	0	0	0	0	0	0	0	0	0	0	0	0	0	0	0	0	0	0	0	0	0	0	0	0
0	0	0	0	0	0	29.8	0	51.1	0	0	0	0	0	0	0	0	0	0	-49.8	-62.6	0	0	0	0
-67.4	34.4	0	0	63.4	0	0	0	-9.03	0	0	0	0	0	0	0	0	0	0	0	0	0	0	0	0
0	0	-58	0	0	0	0	0	0	0	0	0	0	0	0	0	0	0	0	0	0	0	0	0	0
-13.2	0	0	0	0	0	0	0	0	0	0	0	0	0	0	0	0	0	0	-38	0	0	-54.9	0	0
0	0	0	0	0	0	0	0	0	0	0	0	0	0	0	-54.4	36.2	0	0	0	0	0	0	0	-50.8
0	0	0	0	0	0	0	0	0	0	-60.4	0	0	-47.9	0	0	0	0	59	0	0	0	0	0	0
0	0	0	0	0	0	0	0	0	0	0	0	0	0	0	0	0	0	66.4	0	0	0	0	0	0
0	0	0	0	0	0	0	0	-57.4	0	0	0	0	0	0	0	0	0	0	0	0	0	0	0	-52.8
0	0	0	0	0	0	8.62	0	0	0	0	0	0	0	0	0	0	0	0	0	0	0	0	-18.1	0
0	0	0	0	-44.9	0	0	0	0	0	0	0	0	0	0	0	0	0	0	0	0	0	0	0	0
0	-17	15	0	0	0	0	0	0	0	0	0	0	0	0	0	0	0	0	0	0	0	0	0	0
0	0	0	-35.3	0	0	0	0	0	25.9	-53.3	0	0	0	0	0	0	0	0	0	47.9	0	0	0	0
0	0	0	0	0	-30.8	0	0	0	0	0	62.4	0	55.3	0	0	0	0	0	0	0	0	0	0	0
0	0	0	0	0	0	0	71.5	0	0	0	0	0	0	0	0	0	0	0	0	0	0	0	0	0
0	0	0	0	0	0	0	0	0	-31	0	0	0	0	0	-63.7	0	0	0	0	0	0	0	0	0
0	0	0	0	0	0	0	0	0	0	0	0	0	-66.8	0	0	0	0	0	0	0	0	0	0	0
0	0	0	0	0	0	22.9	0	0	0	0	0	0	0	0	0	0	0	0	0	59	0	0	0	0
0	0	0	0	0	0	0	-65.6	0	0	0	0	0	0	0	0	0	0	0	0	0	0	0	0	0
-43.7	0	0	-27.6	-67.4	-57.9	0	0	0	0	10.5	0	0	0	0	0	0	0	0	0	0	0	51	0	0
0	0	30	0	0	0	49.4	0	0	0	0	0	0	0	0	0	0	0	0	0	0	61.6	0	0	-27
0	0	0	0	0	0	0	10.1	0	0	-1.75	-57.1	0	0	0	0	-33.2	0	0	-6.18	0	0	0	0	0
-73	0	0	0	0	0	0	-55.1	0	0	0	0	0	0	16.9	0	0	0	0	0	0	0	0	0	0
0	0	20.6	0	0	0	0	0	0	0	0	0	0	0	0	25.6	0	0	0	0	0	0	0	0	0
0	0	0	0	0	0	0	0	0	0	0	0	0	0	0	0	0	0	0	0	0	0	0	0	0
0	0	0	0	0	0	0	0	0	0	0	0	0	64.8	0	0	0	0	0	0	1.26	0	0	0	0
0	0	-56.8	-14.7	0	0	0	0	0	0	0	0	0	0	0	0	0	0	-62.4	0	0	0	0	0	67
0	0	43.8	0	0	0	0	0	0	0	0	0	-41.2	0	0	0	0	0	62.8	0	0	3.12	0	0	0
0	0	0	0	0	0	0	0	0	0	0	0	0	0	0	0	0	-41	0	0	0	0	0	0	0
0	0	0	0	0	32.6	0	53	0	0	0	0	0	0	0	0	0	0	0	0	0	0	0	0	0
0	0	0	0	0	0	0	0	0	0	0	0	-60.8	0	-0.653	0	0	0	0	0	0	0	-8.2	0	24.5
0	0	0	0	0	0	0	0	0	0	0	0	0	0	-16.2	0	0	0	16.6	0	0	0	0	0	0
0	0	0	0	0	0	0	0	0	0	0	0	0	0	0	0	0	0	0	0	0	0	0	0	0
0	0	0	0	0	4.54	0	-41.8	0	0	0	0	0	0	0	0	27.7	0	0	0	0	0	0	0	0
0	0	0	0	0	0	0	0	0	0	0	0	0	0	0	0	42.4	0	0	0	0	0	0	0	0
0	0	0	0	0	0	0	0	43.5	-48.7	0	0	0	0	0	0	4.83	0	0	0	-13.9	33.8	0	0	0
0	0	0	0	0	0	0	0	0	0	0	0	0	11.4	0	0	0	0	0	0	0	0	0	0	0
50.6	0	0	0	0	0	0	0	0	0	0	0	72.5	0	0	0	50.9	0	0	0	0	0	0	0	0
0	0	0	0	0	0	0	0	0	0	0	0	0	0	0	0	0	0	0	0	0	0	0	0	0
0	0	0	0	0	35.3	0	0	0	0	0	0	0	0	0	0	0	0	0	0	0	0	0	0	0
0	0	0	69.4	0	0	0	0	0	0	0	0	0	-1.9	0	0	0	0	0	0	0	0	0	0	0
0	0	0	0	0	0	0	0	0	0	0	0	0	0	-10.9	0	0	-23.7	35.2	0	0	0	0	0	0
0	0	0	0	0	0	0	0	0	-62.8	0	0	0	0	0	0	0	0	0	0	0	0	0	0	0
0	0	0	0	0	0	0	0	0	0	0	0	0	0	0	0	0	0	0	0	0	0	0	0	0
0	0	0	0	0	0	0	0	0	0	0	0	0	0	-4.44	0	0	0	0	72.1	0	0	0	0	0
0	0	0	0	0	0	0	0	-26.4	0	0	0	0	0	0	0	0	0	0	0	0	0	0	-46.2	0
0	0	0	0	0	0	0	0	24.4	0	0	0	0	0	0	0	0	0	0	0	31.7	0	0	0	0
0	0	0	0	0	0	0	0	-15.3	0	0	0	0	0	0	0	0	-68	0	0	0	0	0	0	0
0	0	0	0	59.3	0	0	0	0	0	0	0	0	0	0	0	0	0	0	0	0	0	0	0	0
0	0	0	0	0	0	-22.9	0	0	0	0	0	0	-35	0	0	0	0	-33.3	0	0	0	0	0	0
0	0	0	0	0	0	0	0	0	0	0	0	0	0	0	0	0	0	0	0	0	0	0	0	67
0	0	-30.4	0	0	-54.9	0	0	0	0	0	0	0	0	8.85	0	0	0	0	0	0	0	0	0	0
0	0	0	-28.9	71.7	0	0	-70.8	0	0	0	67.5	0	0	0	0	0	0	0	0	59.4	0	0	0	0
0	0	0	0	0	0	0	9.78	0	0	57.2	31.3	-71.3	0	0	0	0	0	0	0	0	0	0	0	0
0	0	0	0	0	0	0	0	0	0	0	0	0	-31	0	0	0	0	0	0	-33.5	0	0	0	0
0	0	0	0	0	0	0	0	0	0	0	0	0	0	0	0	0	0	0	0	0	0	0	0	0
0	0	0	0	0	0	0	0	0	0	0	0	-30.8	0	0	0	0	0	0	0	-5.56	0	0	0	0
0	0	0	0	-70.4	0	0	0	0	0	0	0	0	0	0	0	0	0	0	0	0	0	67.2	0	0
0	0	0	0	0	0	0	0	0	-73.4	0	0	0	0	0	0	0	0	0	0	0	0	0	0	0
-6.82	0	0	0	0	0	0	0	0	0	0	0	0	-50.1	0	0	0	0	0	0	0	-40.4	0	0	4.22
0	0	0	0	0	0	0	0	0	0	0	0	0	0	0	0	0	0	0	0	0	60.1	0	0	-11.3
0	0	39.4	0	0	0	0	0	0	0	0	0	0	0	0	0	0	0	-37.1	-59.7	0	0	-59.5	-13.5	0
0	0	0	0	0	0	0	0	2.14	-54.2	0	0	0	0	0	0	0	0	0	0	0	0	0	0	0
0	0	0	0	0	0	0	0	0	73.3	0	0	0	0	0	0	0	0	0	24.4	0	0	0	0	0
0	0	0	0	0	0	0	0	0	-28.8	0	0	0	0	0	0	0	0	0	0	52.4	0	-56.4	0	0
0	0	51	12.4	0	0	0	0	0	0	0	0	0	0	0	-39.8	0	0	0	0	0	0	0	0	0
0	-58.2	0	0	0	0	0	0	0	0	0	66.3	0	0	0	-16.7	0	0	0	0	0	0	0	-71.2	0
0	0	-62.6	0	0	0	0	0	0	0	0	0	0	0	0	0	0	0	0	0	0	0	0	0	0
0	0	0	0	0	0	0	0	0	0	0	0	-23.9	0	0	0	0	0	0	0	0	0	0	0	0
0	0	0	0	0	0	0	0	0	0	0	0	0	0	0	0	0	0	0	0	0	0	0	0	0
0	0	0	0	0	0	0	0	0	-7.8	0	0	0	0	0	0	0	0	0	18.3	0	0	0	0	0
-15.4	0	0	0	0	0	0	0	0	0	0	-35	0	0	0	0	0	0	0	0	0	0	0	0	0
0	0	0	-71	0	0	0	0	0	0	0	0	0	0	-40.6	0	0	0	0	0	0	0	0	0	0
0	0	0	0	0	0	0	0	0	0	0	0	0	0	0	0	0	0	0	0	0	0	0	0	0
0	0	0	0	0	0	0	0	0	0	0	-57.9	0	0	0	0	0	0	0	0	0	11.3	0	0	0
-36	0	0	0	0	0	29.9	0	0	0	0	0	0	0	0	0	0	0	-36.1	0	0	0	0	0	0
0	1.26	-12.6	0	0	0	0	0	0	-15.1	0	0	0	0	0	0	0	0	-31.7	0	0	0	0	0	0
0	0	0	0	-40.4	0	0	0	0	0	0	-66.9	0	0	0	0	-51.7	0	0	0	0	0	0	0	0
0	0	0	0	0	0	0	0	-41.8	0	59.5	0	-49.3	0	0	0	0	0	0	-44.2	0	0	0	0	0
0	22.2	0	0	28.5	0	0	0	0	0	0	0	0	0	0	0	0	0	0	0	0	0	0	0	0
0	0	0	0	0	8.7	0	0	0	0	0	0	0	0	0	0	0	0	0	0	0	0	0	0	0
0	0	0	0	47.7	0	0	0	0	0	0	0	0	0	0	0	0	0	0	0	0	0	0	0	0
0	0	-62.7	0	0	49.7	0	0	0	0	-26	0	0	0	0	0	0	0	-36.9	0	-3.71	0	0	0	0
0	0	0	-10.4	0	0	0	0	0	0	57.1	0	0	0	0	0	0	0	0	0	0	0	0	0	0
0	0	0	0	0	0	11.8	0	0	0	0	0	0	0	0	-15.6	0	0	0	0	0	0	0	0	0
0	0	0	0	0	0	-61.3	0	0	-23.9	0	0	0	0	0	0	0	0	0	0	66.7	0	0	0	0
0	0	0	0	0	0	0	0	-55.6	0	0	0	0	0	0	0	0	0	0	0	0	0	0	0	0
0	0	0	0	-66	0	0	0	0	0	0	0	0	0	0	0	0	0	0	-60.9	0	0	0	0	0
0	0	0	0	0	0	0	0	-46.3	0	0	48.1	0	0	0	0	0	0	0	0	0	0	0	0	0
0	0	0	0	0	0	0	0	0	0	0	0	0	0	0	-61.5	0	58.8	0	0	0	0	0	0	0
0	0	0	0	0	0	0	0	0	0	0	0	0	0	0	0	0	62	0	0	0	0	0	0	0
0	0	0	0	0	0	0	0	0	0	0	0	38.2	0	0	0	0	0	0	0	0	17.9	46.7	0	0
0	72.7	0	0	0	0	0	0	0	0	0	0	8.68	0	0	0	0	0	0	0	0	0	0	0	0
0	0	0	0	0	0	0	0	0	0	0	0	0	0	0	0	0	0	0	0	0	0	0	0	0
0	0	0	0	0	0	0	0	0	0	0	0	0	0	0	0	0	0	0	0	0	0	0	0	0
0	0	0	0	0	0	0	0	0	0	0	0	0	0	0	0	0	0	0	0	0	0	0	0	0
0	-25.7	0	0	0	0	0	0	0	0	0	0	0	0	32.4	-18.9	0	0	0	0	0	0	-9.85	0	0
0	0	66	0	0	0	0	0	0	0	0	0	0	0	0	0	0	0	0	0	0	0	0	0	0
0	0	0	0	0	0	0	0	0	0	0	0	0	0	25.4	-12.2	0	-34.2	0	0	0	0	0	0	0
0	0	0	0	42.5	0	0	0	0	0	0	0	0	0	0	15.5	0	0	0	-47.4	0	64.7	0	0	65.7
0	0	-17.2	0	0	0	0	0	0	0	0	0	0	0	0	0	0	0	0	0	0	0	0	0	0
0	0	0	0	0	0	0	0	-55.8	0	0	0	71.9	0	0	0	0	0	2.21	0	0	13.8	0	0	0
0	0	0	0	0	-20.6	0	0	0	0	0	0	0	0	0	0	36.1	0	0	0	0	0	0	0	0
0	0	0	0	-17.6	70.6	0	-48	0	0	0	0	0	-19	0	0	0	0	0	0	0	0	0	0	0
0	0	4.24	0	0	0	0	0	0	0	0	0	0	0	0	0	0	0	0	0	0	0	0	0	0
47.3	0	0	0	0	0	0	24.6	0	0	0	0	0	0	0	0	0	0	0	0	0	0	0	-31.2	38
0	0	0	0	0	0	0	0	14.4	0	0	0	0	0	0	0	0	0	0	0	0	0	0	0	0
0	0	0	0	0	0	0	0	0	0	0	0	0	0	0	0	0	0	0	0	54.3	0	0	0	0
0	0	0	0	0	0	-51.2	0	0	0	0	0	0	0	0	0	0	0	0	0	0	0	0	0	0
57.3	0	0	0	0	0	28.1	0	-7.96	0	0	0	0	30.4	0	0	0	0	0	0	0	-0.315	-40.7	0	0
-39.4	0	0	0	-68.2	37.6	0	0	0	0	0	0	0	55.5	0	0	-48.2	0	-3.74	-68.5	0	0	0	0	0
0	0	0	25.8	0	0	0	0	0	0	0	0	0	0	0	0	0	0	0	0	0	0	0	0	0
0	0	0	0	68.2	0	0	35	0	0	0	0	0	0	0	0	0	0	0	0	0	0	0	0	0
0	0	0	0	0	0	0	-33.9	0	0	0	0	0	0	0	0	0	0	-33.7	0	0	0	0	0	0
0	0	0	0	0	0	0	0	0	0	0	0	0	-35.6	0	59.5	28.6	0	0	0	0	0	0	0	0
0	0	0	0	0	0	0	0	0	0	0	0	0	0	0	0	0	0	0	0	0	0	0	0	0
0	0	0	0	0	-41.5	0	0	0	0	33.5	0	0	0	0	0	0	0	0	0	0	0	0	0	62.8
0	0	0	0	0	0	0	0	0	0	0	0	0	0	0	0	0	0	0	0	0	0	0	0	0
0	-26.3	0	0	0	0	0	0	0	0	0	0	0	0	0	0	0	0	-72.9	0	0	0	0	0	0
0	0	0	0	0	0	0	0	0	0	-58.1	0	0	0	0	0	0	0	0	0	0	0	64.5	-5.91	0
0	0	-30.7	0	0	0	0	0	0	0	0	0	0	0	-56.3	0	0	0	0	0	0	-70.3	0	0	0
0	0	0	0	0	0	0	0	0	0	0	0	0	0	0	0	0	0	0	0	0	0	0	0	0
0	0	0	0	0	0	0	0	0	0	40.1	0	0	0	0	-15.2	0	0	0	0	0	0	0	0	0
0	0	0	0	0	0	0	0	0	0	0	0	0	-36.6	0	0	0	0	-9.28	0	-44.3	0	-63.5	0	0
0	0	0	73.6	0	0	0	0	0	0	0	0	0	0	0	0	0	0	0	0	0	0	-40.5	0	0
0	0	0	0	0	-19.4	0	0	0	0	0	0	0	0	0	0	0	51.7	71.5	56	0	0	0	0	0
0	24	0	0	0	0	-11.1	0	0	0	0	31.5	0	0	0	0	42.3	-17.2	0	0	35.9	0	0	0	0
0	0	0	0	0	0	0	0	0	0	0	0	0	0	0	-16.1	0	0	0	0	0	0	41.2	0	0
0	0	0	0	0	0	-58.5	0	0	0	0	0	-50.4	0	0	0	0	0	0	0	0	0	0	0	0
0	0	0	0	0	0	0	0	0	0	0	0	-29.8	0	0	0	0	0	0	0	0	0	0	0	0
0	0	36.3	0	0	0	0	18.2	0	0	0	0	0	-48.4	0	0	0	0	0	0	0	0	0	8.95	2.66
0	0	0	0	0	0	0	0	0	0	0.681	0	0	0	0	0	0	0	0	0	0	0	0	0	0
0	0	0	66.7	58.3	0	0	0	-49.6	-14.8	0	0	0	0	0	0	0	0	0	2.12	0	-15.5	0	0	0
0	0	1.09	0	0	0	0	0	38.8	0	0	0	0	-18.7	0	0	0	0	35.2	0	0	0	0	0	0
0	0	0	0	0	0	0	0	0	0	0	0	-70.5	0	7.73	49.5	0	0	0	0	0	0	0	0	0
0	0	0	0	0	0	0	0	-49.9	0	0	0	-55.7	48.2	0	0	0	0	0	0	0	0	0	0	0
0	0	0	-30.1	0	0	0	0	0	45.1	0	0	0	26.4	64.5	0	0	0	0	0	0	0	0	0	0
0	0	0	0	0	0	0	0	0	0	0	-55.3	0	0	0	0	0	0	0	0	0	0	0	0	0
0	0	0	0	0	0	0	-15.3	-11.2	0	0	0	0	0	0	0	0	0	0	0	0	0	0	0	0
0	0	0	0	0	0	0	0	0	0	0	0	0	0	0	0	0	0	0	0	0	0	-26.6	0	0
0	0	0	0	0	0	0	0	0	0	0	0	0	0	0	0	0	0	0	0	0	0	0	0	0
0	0	0	0	0	0	0	0	0	0	0	66.2	0	0	-13.5	0	0	0	28.4	0	0	0	0	0	0
0	0	0	0	0	0	0	0	0	0	-5.6	0	0	43	0	0	0	0	0	0	0	0	0	0	0
0	0	0	0	0	0	0	0	0	0	0	0	-39	0	0	0	0	0	0	0	0	0	0	0	0
0	0	0	0	0	0	0	0	-36.5	0	0	0	0	0	0	0	0	0	0	0	0	0	0	0	0
0	0	0	0	41.3	0	-3.86	0	0	0	0	0	0	0	0	0	39.9	0	0	52.6	0	0	0	0	0
0	0	0	0	0	0	0	0	0	0	0	0	0	0	0	0	0.246	0	0	0	0	0	0	0.594	0
0	0	0	44.8	0	0	0	0	0	0	0	-32.5	0	0	0	0	0	0	0	0	0	0	0	0	0
0	0	0	0	0	0	36.1	0	0	0	0	0	0	0	0	0	0	0	0	0	0	0	0	0	0
0	0	0	-72.6	0	0	-15.7	0	0	0	0	0	0	0	0	0	0	0	0	-32.2	0	0	0	0	0
0	0	0	0	0	0	0	0	0	0	0	0	0	0	0	0	0	0	0	0	0	0	40.8	0	0
0	0	55.1	0	0	0	7.71	0	0	0	0	0	0	0	0	0	0	0	0	0	0	0	0	0	-65.1
0	0	0	0	0	0	0	-46.9	0	0	0	0	0	0	0	0	0	0	0	0	0	0	0	0	0
0	0	0	0	0	0	-57.6	0	0	-35.4	0	0	-11.9	0	0	0	0	0	0	0	0	0	3.61	0	0
0	0	0	0	0	0	0	21	7.66	0	0	0	0	-60.3	0	0	0	-13	-18.5	0	0	0	0	0	0
0	0	0	0	0	0	0	0	0	0	0	0	0	0	0	0	0	0	0	0	0	0	0	0	-64.5
0	0	0	0	0	0	0	0	-55	0	0	0	0	0	0	0	16.8	0	0	0	0	0	0	0	0
0	-31.3	0	0	0	0	0	0	0	0	0	0	0	0	0	0	0	0	0	-45.7	0	0	0	0	0
0	0	0	0	1.87	0	0	36.9	0	0	0	28.5	0	0	0	0	0	20.4	0	0	0	0	0	39	0
0	0	0	0	0	0	21	0	0	-53.6	0	0	0	0	0	0	0	0	0	0	-5.83	0	0	0	0
0	0	0	0	0	0	0	0	0	0	0	0	0	0	0	32.9	0	0	0	0	0	-37.8	0	0	0
0	0	3.93	0	0	0	0	0	0	0	0	0	0	0	-64.1	0	0	0	0	0	0	0	0	0	0
0	0	0	0	0	0	0	0	0	0	0	0	0	0	0	-62.6	0	0	0	0	0	0	47.7	0	0
0	0	0	37.2	0	0	0	0	0	0	0	0	0	0	0	0	0	0	22.7	56.4	0	0	6.71	0	0
0	0	0	0	0	0	52	0	0	0	-39	-28.8	0	0	0	0	0	-47.9	0	0	0	0	-67	0	0
0	0	0	0	0	0	0	0	0	0	0	0	0	-59.3	0	0	0	0	0	0	0	0	0	0	0
0	0	0	0	0	0	0	0	0	0	0	0	0	42.9	0	0	0	0	0	0	0	0	0	0	0
0	0	0	0	0	0	0	0	0	0	0	0	0	0	0	0	0	0	0	0	0	0	0	0	0
14.2	53.3	0	0	0	3.71	0	0	0	0	0	0	0	0	0	31.8	0	0	0	0	0	0	0	0	0
0	0	0	0	0	0	0	0	0	0	0	0	0	0	0	0	0	0	0	0	0	-67.2	0	0	0
0	0	0	0	0	0	0	0	0	21.4	0	0	0	0	0	0	0	0	0	0	0	0	0	0	7.97
0	0	0	0	0	0	0	0	0	0	-39.3	0	0	0	0	0	0	0	0	0	0	0	0	0	0
0	0	0	0	22	0	0	0	0	0	0	0	0	0	0	0	0	0	0	0	0	0	0	0	0
0	0	0	0	0	0	0	0	32.2	-26.7	0	0	0	0	0	0	0	0	0	0	0	0	0	0	0
0	0	0	0	0	0	0	0	0	0	0	58.3	0	0	0	0	0	0	0	0	0	0	0	0	0
0	0	0	0	0	0	9.58	0	0	0	15.2	0	0	0	0	0	0	0	0	0	0	0	0	-69.9	0
0	0	0	0	0	0	0	0	0	0	60.3	0	0	0	0	0	0	0	0	0	0	0	0	0	0
0	-6.69	3.42	0	0	0	0	0	0	0	0	0	0	0	0	0	0	-0.754	0	0	0	0	0	0	0
0	0	0	0	0	0	0	0	-58.6	0	0	-1.33	0	0	0	0	0	0	0	0	0	0	-32.5	0	0
0	0	0	0	0	0	0	0	0	0	0	0	0	0	0	0	0	0	62.4	0	0	0	0	0	0
0	0	-29.9	0	0	0	0	0	0	0	0	0	0	0	0	0	0	0	0	0	0	0	0	0	0
0	0	0	0	0	0	0	0	0	0	0	0	0	0	0	0	0	0	0	0	0	0	0	-26.6	0
0	0	0	0	0	0	0	0	0	0	0	0	0	-26.5	15.3	0	0	0	0	0	0	0	0	0	0
0	0	0	0	0	0	0	0	0	0	0	0	0	0	0	0	0	0	0	0	0	0	0	0	0
0	0	0	0	-65.2	0	0	0	0	0	0	0	0	0	0	0	0	12.4	0	0	0	-31.6	57.6	0	0
0	0	0	0	0	0	0	0	27.5	0	0	0	0	0	0	0	21.8	0	0	0	0	0	0	0	0
0	0	0	0	0	0	0	0	0	0	0	0	-35.9	0	0	0	0	-19.3	0	0	0	0	0	0	0
0	0	0	0	0	0	0	0	0	0	0	0	-9.03	0	0	0	0	0	0	0	0	0	0	0	0
0	0	0	0	0	0	0	0	0	0	0	0	0	0	0	0	0	0	0	0	0	0	0	0	60.7
0	0	0	0	-31.9	0	0	-24.1	0	0	0	0	0	0	70.3	0	0	0	0	0	0	0	0	0	0
0	0	0	0	0	0	0	0	51	0	0	0	0	0	-12.1	0	0	0	0	0	0	0	0	0	0
0	0	0	0	0	0	0	40.7	0	0	0	-14.1	0	0	0	0	0	0	0	0	0	0	24.5	0	0
0	0	0	0	0	0	0	0	0	0	0	0	0	0	0	0	0	-12.3	0	-54	0	0	0	0	0
0	0	0	0	-15.9	0	0	0	37.8	0	0	0	0	0	-72.3	0	0	0	0	0	0	0	0	0	0
0	0	0	0	0	0	0	0	0	0	0	0	0	0	0	0	0	0	0	0	0	0	0	0	0
0	0	0	0	0	0	0	0	0	0	0	0	0	0	0	0	0	0	0	-5.01	0	0	0	0	0
0	0	0	0	0	0	0	0	0	0	0	0	0	0	0	0	0	0	0	0	0	0	0	0	0
0	0	0	23.9	0	0	0	0	0	0	0	0	0	0	0	0	0	0	0	0	0	0	0	0	0
0	19.4	7.44	0	0	0	0	0	0	0	0	0	-64.2	0	0	0	0	0	0	0	0	0	-44.8	0	0
-3.97	0	0	0	0	0	0	-53.2	0	-41.8	0	0	0	0	0	0	0	0	0	-71.3	0	0	-5.38	0	0
0	0	24.2	0	0	0	51.5	0	0	0	0	0	0	0	0	0	0	-36.1	0	0	0	0	0	0	0
-71.5	-29.8	0	0	25.6	0	-65.1	0	0	0	0	0	0	0	-11.7	0	0	0	0	0	0	5.88	0	0	0
0	0	0	0	0	0	0	0	0	0	0	0	43.2	0	0	0	0	0	0	0	0	0	0	0	0
0	0	0	0	0	0	0	0	0	0	0	0	0	0	0	0	0	0	0	0	0	0	0	0	0
0	0	0	0	70.9	0	-65.5	0	0	0	0	0	-65.7	0	0	0	0	0	0	0	0	60	0	0	0
0	0	0	0	0	0	0	0	-34	0	0	0	-28.4	0	0	0	0	0	0	0	0	0	0	0	0
0	0	0	0	0	0	0	0	0	0	0	-33.4	0	0	0	0	0	0	0	0	0	0	0	0	0
0	0	0	13.5	0	-73.3	-54.5	47.9	0	0	0	0	0	-60.6	0	63.6	0	-55.1	0	63.6	0	-16.8	0	0	0
0	0	0	0	0	0	47.7	0	0	0	0	0	0	0	0	0	0	0	0	0	0	0	66.5	0	0
0	0	0	0	0	0	0	0	0	0	0	0	0	0	-7.97	0	0	57.2	0	0	0	0	-71.5	-33.5	0
0	0	0	0	0	0	0	0	0	0	0	0	0	0	0	0	0	0	0	0	0	0	0	0	0
0	0	0	0	0	0	0	0	0	0	-16.5	-31	0	52.2	0	0	0	0	0	0	0	0	0	0	-30.3
73.8	0	0	0	0	0	0	0	0	-4.1	58.2	0	0	0	0	-52.8	0	0	0	0	0	0	0	0	0
0	0	0	-62.6	-29.5	0	0	0	0	0	-17.9	0	0	0	0	0	0	0	0	0	0	0	0	0	0
0	0	0	51.4	52	0	0	66.8	0	0	0	0	0	0	0	0	0	0	0	0	0	0	-61	0	0
0	0	0	0	0	0	0	0	0	0	0	0	0	0	0	0	0	0	51.5	0	0	0	0	0	0
0	0	0	0	0	0	0	0	62.9	0	0	39.4	0	0	0	0	0	0	0	0	0	0	0	0	60.5
0	0	0	0	0	0	0	0	0	0	0	45.8	0	0	0	0	0	0	0	-15.9	0	0	0	0	0
0	0	0	0	0	0	0	0	0	0	0	0	0	0	0	0	0	0	0	0	0	0	0	0	0
0	0	0	0	0	0	0	0	-48	0	51.2	0	0	0	0	0	0	0	0	0	0	0	0	0	0
0	0	0	0	0	0	0	0	0	0	-30.8	0	0	0	0	0	0	0	0	0	0	0	0	0	0
0	0	0	0	-57.2	0	71.6	0	0	0	10.6	0	0	0	0	0	0	0	0	0	0	0	0	0	0
0	0	0	0	0	0	0	0	0	0	0	0	0	0	0	0	0	0	0	0	0	-59.8	0	0	-27.1
0	0	0	0	0	0	0	0	0	0	0	4.42	0	0	0	0	0	0	0	0	0	0	0	0	0
0	0	0	0	0	0	0	0	0	0	0	0	0	0	0	-55.7	0	0	0	5.26	0	0	0	0	0
0	0	0	0	0	0	0	0	0	23.7	0	0	0	0	0	0	0	0	0	0	0	0	0	0	0
0	0	0	0	0	0	0	0	0	0	0	0	0	0	0	0	0	0	0	0	0	0	0	0	0
-27.7	0	0	0	0	0	0	0	0	0	-54.9	0	0	0	0	-8.28	0	0	0	0	0	0	0	0	0
0	0	0	0	0	0	0	0	0	0	0	0	0	0	0	-8.66	0	0.0653	0	0	0	0	0	0	0
0	0	0	0	0	0	25.5	0	0	0	0	0	-52.2	0	-47.3	0	0	-35.9	0	0	0	0	0	0	0
-57.2	0	0	0	0	0	0	0	0	0	0	0	-24.6	0	0	0	0	0	0	0	0	0	51.3	0	0
0	0	0	0	-62.5	0	0	-72.5	0	0	0	0	0	0	0	0	0	0	-69.3	15.6	0	0	0	0	0
0	0	0	0	0	0	0	0	-60.2	0	0	0	0	0	0	0	0	0	0	0	0	0	0	0	-74
0	0	0	0	0	0	0	0	0	0	0	0	0	0	0	0	-26	0	0	0	0	0	0	0	-29.2
0	-24	0	-70.9	0	0	0	0	32	0	50.4	0	0	0	0	0	0	0	0	0	0	68.1	0	0	0
0	0	0	0	0	0	0	0	0	0	0	7.26	24.2	0	0	0	0	0	0	0	0	0	0	-13.2	34.6
0	0	0	-23.8	0	0	0	0	0	0	0	0	0	0	0	-67.5	0	0	0	0	0	-1.04	0	-67.4	0
0	0	0	0	0	0	0	0	0	0	0	0	0	0	0	0	-9.75	0	0	0	0	0	0	0	0
0	0	0	0	0	0	33	0	0	0	0	0	0	0	0	0	0	0	0	0	0	0	0	0	0
-27.8	0	0	0	0	0	0	4	0	0	0	0	0	0	0	0	0	0	0	0	0	0	0	0	0
0	0	0	0	0	0	0	0	0	0	0	0	0	-56.5	0	0	0	0	17.8	0	0	0	66.4	0	0
0	0	0	0	0	0	0	0	0	0	0	-21.4	0	0	0	0	0	0	0	0	0	0	0	0	0
0	0	0	-21.6	0	7.49	-67.1	0	0	0	62.6	0	-11	0	0	-34.5	0	0	0	0	0	0	0	0	0
0	0	0	0	0	0	0	-21.3	44.3	0	0	0	0	0	0	0	0	0	0	0	0	0	0	0	0
0	0	-20.2	0	0	0	0	0	0	0	0	0	0	0	0	0	0	0	0	0	0	-66	0	0	0
0	0	0	0	-11.6	0	0	38.1	0	0	0	0	0	0	0	0	22	0	0	0	0	-24.3	0	0	0
0	0	0	31.6	0	0	0	0	0	0	0	0	0	0	25	0	0	73.6	0	0	0	0	0	0	0
0	0	11.5	0	0	0	0	0	0	0	-20.4	0	0	0	0	0	0	70.9	0	0	0	0	0	0	0
-13.9	0	0	0	0	0	0	0	0	19.6	0	0	11.4	0	-50.6	0	0	0	0	-57.1	0	0	0	0	0
0	0	33.8	0	0	0	27.4	0	0	-71.9	73.9	0	0	-41.5	0	0	0	0	0	0	0	-60.4	0	0	0
0	0	0	0	0	-30.1	11.1	0	0	0	0	0	0	0	0	0	0	0	0	0	0	0	0	0	0
0	0	34.1	0	-1.01	0	0	0	10	0	0	0	0	0	0	0	0	0	0	0	0	0	0	0	0
-16.2	0	0	0	0	0	0	0	0	0	0	0	0	0	0	0	0	0	0	0	0	0	0	0	-23.3
0	0	0	0	0	0	0	46.7	0	0	0	0	0	0	0	0	0	0	0	0	0	0	0	0	0
0	0	0	0	0	0	0	0	0	0	0	0	0	-46.6	0	0	0	0	0	0	0	0	0	9.93	0
0	0	0	70.1	0	0	0	0	37.6	0	0	0	0	0	0	0	0	0	0	-8.82	56.9	0	-58.9	0	0
0	0	0	0	0	0	0	-49.5	0	0	0	0	0	0	0	0	0	0	0	0	0	0	0	0	0
0	0	0	0	0	0	0	0	0	47.6	0	0	0	0	0	37.1	34.6	0	41.9	0	0	-0.852	0	0	0
-33.7	0	73.4	0	0	0	-42.3	0	0	0	0	0	0	0	0	0	0	0	0	0	0	0	-12.7	7.79	0
0	0	0	0	0	0	-3.96	0	0	0	0	0	-56.7	29.6	-69.7	0	0	0	0	0	0	0	0	0	0
0	0	0	0	0	0	0	0	0	0	0	0	0	0	0	0	0	-43.4	0	0	0	0	0	0	0
0	0	0	0	0	0	0	0	0	0	0	0	0	0	0	-34.5	0	0	0	63.6	0	0	0	0	0
0	0	0	0	0	0	23.9	0	0	0	0	0	0	0	0	0	0	0	-23.4	0	0	0	0	4.09	0
0	0	0	0	0.206	0	0	0	0	0	0	0	0	0	0	0	0	0	-50.3	-12	0	0	0	0	0
0	0	65.7	0	0	-57.6	0	0	0	0	0	0	0	0	0	0	0	0	0	0	0	0	-61.8	0	0
0	0	0	0	0	0	0	0	0	0	0	0	0	0	0	0	0	0	0	0	-33	0	0	0	0
0	0	0	0	0	0	0	0	0	0	0	0	0	0	0	0	0	0	0	0	0	0	0	0	0
0	0	0	0	0	0	0	0	0	0	0	22.7	0	0	0	0	0	0	0	0	0	0	0	0	62.3
0	0	0	0	0	0	0	0	0	0	0	0	0	73.8	0	0	0	0	0	0	0	0	0	0	0
0	0	0	-62.3	0	0	0	0	0	0	0	0	0	0	-56.3	0	0	0	0	0	0	0	0	55.5	0
0	0	0	0	0	0	0	0	0	0	0	0	0	0	0	0	0	0	0	0	0	0	0	0	0
0	0	0	0	0	0	0	0	0	-11.3	0	0	0	0	0	0	0	0	-21.9	0	0	0	0	56.6	0
0	0	0	0	0	0	0	0	0	0	0	0	0	0	0	0	0	0	0	0	0	0	0	0	0
0	0	0	0	0	0	0	0	0	0	0	0	0	0	0	-37	0	0	0	0	0	0	0	0	0
-65.4	0	0	0	0	0	0	0	0	-72.6	0	0	0	0	0	-11.1	0	0	0	0	5.08	0	0	0	-7.98
0	-21.8	0	0	0	0	0	0	0	0	0	0	0	0	0	0	0	0	0	0	0	0	0	0	0
0	0	0	0	0	0	0	0	0	0	0	0	0	0	0	0	0	0	0	0	0	0	0	0	0
0	0	0	0	-22.2	0	0	0	0	67.6	0	0	0	0	0	0	0	0	0	0	0	0	0	0	0
0	0	0	0	0	0	0	27.6	0	0	0	0	0	0	0	0	0	0	0	0	0	0	0	0	0
0	0	0	0	0	0	0	0	0	0	0	0	-23	0	0	0	0	0	0	0	0	54.7	0	0	0
0	0	0	0	0	0	0	0	-9.12	57.7	0	0	0	0	0	0	0	0	0	0	-46.1	0	0	0	67.3
0	0	0	0	0	0	7.17	0	0	0	0	0	0	0	0	0	0	0	0	0	0	0	0	0	0
0	0	0	0	0	0	60	0	0	0	0	0	0	0	0	-42.2	0	0	0	0	0	0	0	0	0
0	0.997	0	0	0	-46	-40.5	0	0	0	0.921	0	0	0	0	0	0	0	0	0	0	0	0	0	0
0	0	0	0	0	0	0	0	0	0	0	0	0	0	0	0	-51.2	0	0	0	0	0	0	0	0
0	0	0	-55.5	0	0	0	0	0	21.5	0	0	0	0	0	0	0	0	0	0	0	0	0	0	0
-67.3	0	0	0	0	0	0	0	0	0	0	0	0	0	0	0	0	0	0	0	-44.8	0	0	0	0
0	0	0	41	0	0	0	0	0	0	0	0	0	0	0	0	0	0	0	0	0	0	0	0	0
0	0	0	0	0	0	0	25.6	0	0	0	0	0	0	0	0	0	0	0	0	-54.7	0	0	0	0
0	0	0	0	0	0	0	0	0	0	0	0	0	23.6	0	0	0	0	0	0	-61.2	0	0	0	0
0	0	0	0	0	0	0	0	0	0	0	0	0	0	0	0	0	0	0	0	0	0	0	0	0
0	0	0	0	0	0	0	0	0	0	0	-50.4	0	0	0	0	0	0	0	0	0	0	0	0	0
0	0	0	0	0	0	-71.5	0	0	0	0	0	0	0	0	0	0	0	0	0	0	0	0	0	0
0	-49.5	0	0	0	0	0	0	0	0	0	0	0	-42.6	-16	0	0	0	0	0	0	0	0	0	0
0	43.2	0	0	0	20.1	0	71.7	0	0	0	0	0	0	0	0	0	0	0	0	0	0	0	0	0
0	30.4	0	0	0	45	0	0	0	0	0	6.35	-49	-64.7	0	0	0	0	0	0	0	0	0	0	0
-20.9	0	0	0	0	0	0	0	0	0	0	0	0	0	0	0	0	0	0	0	0	0	41	0	0
0	0	0	0	0	0	0	0	-24.3	0	0	-35.6	0	0	49	0	0	-26.6	0	0	0	-31.8	0	0	0
0	0	0	0	0	0	0	0	0	0	0	0	0	0	0	0	0	0	0	0	0	0	0	0	0
0	0	0	0	-52.9	0	0	0	0	0	-73.5	0	0	0	0	0	21.9	0	0	-32.6	0	0	0	0	0
0	0	0	0	0	53.3	0	0	0	50.9	0	0	0	0	0	0	0	0	-60.8	0	0	0	0	0	0
0	0	0	0	19.3	0	0	0	0	0	0	0	0	0	0	0	0	0	0	0	0	0	0	0	0
0	0	0	0	0	0	0	0	0	0	0	0	0	0	0	0	0	0	0	0	0	0	-1.52	0	0
0	0	0	0	41.5	0	11.3	0	72.8	0	0	39.2	0	0	0	0	0	0	0	0	0	0	-44.7	0	22.8
0	0	0	0	0	0	0	0	0	0	0	0	0	0	0	0	0	0	0	0	0	0	0	0	0
0	-34.8	0	0	0	0	0	-25.7	0	0	-14.9	0	0	0	0	0	0	0	0	0	-54.4	0	0	0	0
0	0	-67.2	0	0	0	18.7	35.4	0	0	0	0	0	0	0	-38.4	53.5	0	0	0	0	45.7	0	0	0
0	0	0	-30.5	0	0	0	0	0	0	0	0	0	0	0	0	0	0	0	0	0	0	0	0	0
0	0	0	0	0	0	0	0	0	0	0	0	0	0	0	0	0	-0.763	0	-49	0	0	0	0	0
0	0	57.1	0	0	0	0	0	0	0	-2.44	0	0	0	0	42.8	0	0	0	-27.7	0	0	0	0	0
0	0	-15.9	0	0	0	0	0	63.2	0	0	0	0	0	0	0	0	0	0	0	0	0	0	0	0
0	0	0	0	0	0	0	0	0	0	0	0	0	-50.5	0	0	0	0	0	0	0	0	0	0	0
0	0	0	23.2	0	0	0	0	0	0	67.1	0	0	0	0	0	0	-12.8	0	0	0	0	-21.6	0	0
-23.9	0	0	0	0	0	0	0	0	0	51.2	0	0	0	0	0	0	-56.9	0	0	0	0	0	0	-73
0	0	0	0	0	0	0	0	0	0	0	0	0	0	0	0	0	0	0	0	0	0	0	0	-44.1
0	0	0	10.9	0	0	0	0	0	0	0	0	0	0	0	0	0	-64.3	0	0	0	0	-51.6	0	0
0	6.42	0	0	-50.9	0	0	-1.55	2.84	10.7	0	0	0	0	0	0	-16.7	0	0	0	0	0	0	0	0
0	-19.3	0	0	0	-25.7	0	0	0	0	0	0	0	0	0	0	0	0	0	0	0	0	0	0	0
0	0	0	0	0	0	0	0	0	-9.84	0	0	0	0	0	0	0	0	0	73.4	0	0	0	0	0
0	0	0	0	0	0	0	0	-17.2	0	0	0	0	0	0	57.8	0	0	0	0	0	0	0	0	0
0	0	0	0	0	0	-73.3	0	0	0	0	-29.4	0	0	0	0	0	0	0	0	0	0	0	0	0
0	0	0	0	0	0	0	0	0	-29.1	0	0	0	0	0	0	0	0	0	72.4	0	0	0	0	0
0	0	0	0	0	0	0	0	65.5	0	0	0	0	0	0	0	0	0	0	0	0	0	0	0	0
0	0	0	0	44.3	0	0	0	0	-3.55	0	0	0	0	0	0	0	0	0	0	0	0	0	0	0
0	0	0	0	-22.6	0	0	0	43.6	0	0	0	0	0	0	-32.9	0	55.1	0	0	-43.8	0	0	0	0
0	0	0	67.9	0	0	0	0	0	0	0	0	0	0	0	0	0	0	0	0	0	-10.5	0	0	0
0	0	0	0	0	0	0	0	0	0	-67.2	0	0	0	0	0	0	0	0	0	0	0	0	0	0
0	0	0	0	0	0	0	0	0	0	0	0	0	0	0	0	0	0	0	0	0	0	0	0	0
0	0	0	0	0	0	0	0	0	0	0	0	0	0	0	0	60.5	0	0	0	0	0	59.6	0	0
0	0	0	0	0	0	0	0	-20.9	27.1	0	0	0	0	0	0	0	0	0	0	0	0	0	0	0
0	0	0	-32.5	0	0	0	0	0	0	0	0	0	0	0	0	0	0	0	0	0	0	-27.4	0	0
-41.2	-30.7	15.3	0	0	0	0	0	0	0	0	0	0	0	0	0	0	0	0	0	0	0	0	0	0
0	0	0	0	0	0	0	0	0	0	0	0	0	0	0	57.7	0	0	0	0	0	-58.9	0	0	0
0	0	0	0	0	0	0	0	0	0	0	0	0	0	5.95	0	0	0	0	0	0	0	0	0	0
0	0	0	0	0	0	0	0	0	0	0	-66.1	0	-40	38.8	0	0	0	0	-52.5	-28	0	0	0	0
0	0	0	0	0	0	60.1	0	0	0	0	0	0	0	0	0	0	3.48	0	0	0	0	0	0	0
0	0	0	0	0	0	0	0	0	0	0	0	0	0	0	0	0	0	0	0	0	0	0	0	0
0	0	0	0	0	0	-67.2	0	0	0	0	0	0	0	0	0	0	0	0	0	0	0	0	0	0
0	0	0	0	0	0	0	0	0	0	0	0	0	0	65	0	0	0	0	-4.32	0	0	0	0	0
0	0	0	31.2	-40.9	0	0	0	0	-38.7	0	0	0	0	0	0	0	0	0	0	0	0	46.7	0	0
0	0	0	0	0	0	0	0	0	0	0	35.2	61.4	0	0	0	0	0	0	0	0	0	0	0	38.1
0	0	0	0	0	0	0	0	0	0	0	0	0	0	0	0	43.8	0	0	0	0	0	0	0	0
0	0	0	0	0	0	0	0	0	0	-4.96	0	-47.7	0	0	0	0	0	0	0	0	0	-11.9	0	0
0	0	0	0	0	0	0	0	0	0	0	2.32	0	0	0	0	0	0	0	0	0	0	0	0	0
0	0	0	-73.4	0	0	0	0	0	0	0	0	0	0	0	0	0	0	0	-22.5	0	0	0	0	0
0	0	0	-38.4	0	0	0	0	0	0	0	0	0	0	0	0	0	-3.48	0	0	0	0	0	0	0
21.4	0	0	0	0	0	0	0	0	0	0	0	0	0	0	0	0	0	0	0	0	0	0	0	0
0	0	0	-45.5	-30.6	0	0	0	0	0	0	0	0	0	0	0	0	0	0	-0.0796	0	0	0	0	0
0	0	0	0	0	0	0	0	0	0	0	0	0	0	0	0	0	0	0	0	0	0	0	0	60
0	1.14	0	0	0	0	0	0	0	0	0	0	0	0	-70.1	0	0	0	0	0	0	0	0	0	-64.6
0	0	0	0	0	0	-63.8	0	0	0	0	0	0	0	0	0	0	0	0	0	0	0	0	0	0
0	0	20.4	0	0	0	37.4	0	0	0	0	0	59.7	0	0	0	0	0	0	0	0	0	0	0	0
0	0	0	0	0	0	0	0	0	-65.4	0	0	0	-73.6	0	0	0	39.8	0	0	0	0	0	0	0
0	0	0	0	-3.27	0	0	-39.4	0	0	0	0	0	0	0	0	0	0	0	0	0	61.9	0	0	0
-53.4	0	0	0	-4.13	0	0	0	-68.9	-31.1	0	0	0	0	0	0	-38.6	0	0	0	0	0	0	0	0
0	0	0	0	-5.57	0	0	0	0	0	0	0	0	0	-40.4	0	0	0	0	0	0	0	0	43.9	0
0	0	52.3	0	0	0	0	0	0	-12.8	0	0	62.5	0	0	0	0	-39.9	0	0	0	0	0	0	0
0	0	0	0	0	0	0	0	0	0	0	0	0	0	0	0	0	0	47.5	0	0	0	0	0	0
0	0	0	0	0	25.2	0	0	-49.5	0	0	0	73.4	0	0	0	0	0	0	0	0	0	0	-11.7	0
0	0	0	0	0	0	-42.8	0	0	0	0	0	0	0	0	0	0	0	0	0	0	0	0	0	0
0	0	0	0	0	0	0	0	0	0	0	0	0	0	0	0	0	0	0	0	0	0	0	0	0
0	0	0	0	0	0	0	34	0	0	0	0	0	0	31	0	0	0	0	0	-73	0	0	0	0
0	0	0	0	0	0	0	0	0	0	0	0	0	0	0	0	0	0	-67.6	0	0	0	0	68.8	0
0	0	0	0	0	0	-47.8	0	0	0	0	0	0	0	0	0	0	0	0	0	0	0	0	0	0
0	0	0	0	0	0	0	0	0	0	0	0	0	0	0	-27	10.2	0	0	0	0	0	0	0	0
0	0	0	0	0	0	0	0	0	0	0	28.2	0	0	0	0	55.9	0	0	0	43.6	0	-48.4	0	0
0	0	0	0	0	0	9.01	0	0	0	0	0	0	0	-40.7	0	0	0	0	43.4	-56.3	0	0	0	0
0	0	0	45.4	0	0	0	0	0	0	0	0	0	58.3	0	0	0	0	0	0	0	0	0	0	0
0	0	0	0	28.2	0	0	0	0	0	0	0	0	57.2	0	0	0	0	0	0	0	68.6	0	0	0
0	0	50.1	-4	0	0	0	0	-19.7	0	0	0	0	0	0	0	0	0	0	0	0	0	0	0	0
0	0	0	0	0	0	0	0	53.4	0	0	0	0	0	0	0	46	0	0	0	0	0	0	0	0
0	0	0	0	51.4	0	0	0	0	0	0	0	0	0	0	0	0	0	0	0	0	0	0	0	0
0	0	0	0	0	0	0	51.5	0	0	0	0	0	0	0	0	-39.5	0	0	0	0	0	0	-68.5	0
0	0	0	0	0	0	0	0	0	0	0	0	0	0	-71.6	0	0	0	0	0	0	0	0	0	0
0	0	0	0	-41.2	0	0	0	34.1	0	0	0	0	0	0	0	0	16.7	0	0	0	0	0	0	0
0	0	0	0	0	0	0	-66.7	0	0	0	38.7	0	0	0	0	0	0	0	0	0	0	0	0	0
-45.3	-41	0	0	0	-22.7	69.4	0	0	0	0	0	0	0	-65.8	0.64	0	0	0	0	0	0	0	0	0
0	0	0	0	0	0	0	0	0	0	0	0	0	0	0	0	0	0	0	0	0	0	53	0	0
0	0	0	0	0	0	0	0	0	0	0	0	5.98	0	0	0	0	0	11.8	0	0	0	-67.2	0	0
67.4	0	0	0	-70.7	0	0	33.7	0	0	0	0	0	0	0	0	43.3	0	0	0	0	0	0	0	0
0	0	-11.4	0	0	0	0	0	0	0	0	0	0	0	0	0	0	0	0	0	0	0	0	0	0
0	10.2	0	0	0	0	0	0	0	0	0	0	0	0	-51.3	0	0	0	0	0	0	0	0	0	0
0	0	0	0	0	0	21.9	0	0	0	0	0	0	0	0	0	0	0	0	0	0	0	0	0	0
0	0	0	0	0	0	42.1	53.8	-63.2	0	0	-34.3	0	0	0	0	0	0	0	0	-17.5	0	0	0	0
0	0	-15.3	0	0	-25.4	0	0	0	0	0	0	0	0	0	0	0	0	0	0	0	0	0	0	0
0	0	0	0	0	0	0	0	0	0	0	0	0	0	0	0	0	0	50.8	0	0	0	0	0	0
0	0	0	0	0	0	19.4	0	0	0	0	0	-32.3	0	0	0	0	30.1	0	0	0	0	0	0	0
0	0	0	0	0	0	0	0	0	0	0	-55.1	0	0	0	0	0	0	0	0	0	0	0	0	0
0	0	0	0	0	0	0	0	0	0	0	0	0	0	0	0	0	0	0	0	0	0	0	0	0
0	68.6	0	0	0	0	0	0	0	0	0	-68.5	0	0	46.9	-68.2	17.5	0	0	0	-13.6	0	0	0	0
0	0	0	0	0	0	0	0	0	0	0	0	0	0	0	0	0	0	0	0	0	0	47	0	0
0	0	0	0	0	0	0	0	0	0	0	0	0	0	46.2	0	0	0	0	0	0	0	0	0	0
44.8	0	53.8	0	0	0	0	0	0	0	0	0	0	0	0	29.9	60.3	0	0	0	0	0	0	0	0
0	0	0	0	0	0	0	0	0	0	0	0	29.6	0	0	0	0	0	0	0	0	-65.9	0	0	0
0	0	0	0	0	0	0	0	0	0	0	0	0	0	0	0	0	0	0	0	0	0	0	0	0
0	-33.2	0	0	0	0	0	0	0	0	0	0	0	0	3.42	0	0	-3.81	0	0	0	0	0	0	0
0	0	0	0	0	0	-33.6	0	0	0	0	0	67.3	0	0	0	0	-44.2	0	0	0	0	0	0	0
0	0	0	0	0	0	0	0	0	0	0	0	-70.1	0	0	0	0	0	0	0	0	0	0	0	16.7
0	0	-53.3	0	0	0	0	0	0	0	0	0	0	0	-44.3	0	0	0	0	0	0	0	0	0	0
-52.4	0	0	0	0	0	0	0	40.9	37.6	0	0	0	0	0	0	0	0	0	0	-51.8	0	0	0	0
0	0	-31.7	-17.5	0	-2.55	0	0	0	16	0	0	0	0	0	0	60.9	0	0	0	0	0	0	0	0
0	0	0	0	0	0	0	0	0	0	0	0	0	0	0	0	0	0	45.4	0	0	0	0	0	0
0	0	0	0	0	0	0	0	0	0	0	0	0	0	-29	0	0	0	0	-49.9	0	0	0	0	0
0	0	18.4	0	0	0	0	0	0	0	0	0	0	0	0	0	0	0	0	0	0	0	0	0	0
0	0	0	0	0	0	0	0	0	0	0	0	0	0	0	0	0	0	0	0	0	0	0	0	0
0	0	0	0	0	0	0	0	0	0	0	0	0	0	63.6	0	0	0	0	0	0	0	0	0	0
0	0	0	0	0	0	0	-39.8	0	0	0	0	0	0	0	0	0	50.3	0	0	51.6	0	0	0	23.7
0	0	0	0	0	0	0	0	0	0	0	-70.6	0	0	-65.6	0	0	0	0.0937	0	0	0	0	0	0
0	0	-68.1	0	0	0	0	0	0	0	0	0	0	0	0	-64.4	0	0	0	0	0	65.9	-25.2	0	0
0	0	0	0	0	0	0	0	0	0	0	0	0	-58.8	0	0	0	0	0	0	0	0	55	0	71
-2.79	0	0	-41.3	0	0	0	0	0	0	0	0	0	0	0	0	69.3	0	0	0	0	0	0	0	0
0	0	0	0	0	0	0	-29.6	0	0	0	0	0	-17.8	73.1	0	0	0	0	0	0	-41.5	0	0	0
0	0	0	0	0	0	0	6.05	0	0	0	0	0	0	0	0	0	0	0	0	0	0	0	14.5	0
0	0	0	-50.5	0	0	0	65.5	0	7.06	0	0	0	0	0	0	0	0	0	0	0	-62.1	0	0	0
0	0	0	0	0	0	0	0	0	0	0	0	-70.5	0	0	0	0	0	0	0	0	0	5.84	0	0
0	0	0	-21.4	0	0	0	0	0	0	0	0	0	0	0	0	0	0	0	0	-36.9	0	0	0	0
0	0	0	0	0	0	-35.1	0	0	0	60.9	0	0	0	0	0	0	8.03	0	0	0	0	0	0	0
0	0	5.54	0	0	0	15.4	0	0	-65.6	0	0	0	0	0	0	0	52.7	0	31.1	0	0	0	0	0
0	0	0	-38.5	0	0	0	0	0	0	0	0	0	-36.8	0	3.99	0	13.5	0	0	0	0	0	0	-65.6
0	0	0	0	0	0	0	0	0	0	0	0	0	0	0	-63	0	0	0	-24.4	0	0	0	0	0
0	0	0	0	0	0	0	58.4	0	0	0	0	0	0	0	-13.9	0	-57.1	0	0	0	0	0	0	0
0	0	0	-31.1	0	0	0	0	0	0	0	0	0	0	0	0	0	0	0	0	0	0	0	0	0
0	0	0	0	0	0	0	0	0	0	0	-16.8	0	0	0	0	0	0	0	22.4	0	0	0	61	0
0	0	0	0	0	0	0	0	0	0	-48.4	0	0	0	0	0	0	0	0	0	-52.1	0	0	0	0
0	0	0	-4.47	19	0	0	0	0	0	0	0	0	0	0	0	0	0	0	0	0	0	0	0	0
0	0	0	0	-0.258	-12.5	0	0	0	0	0	0	0	0	0	0	0	0	-53.1	0	0	0	0	0	0
0	0	0	-59	-58.7	0	0	0	16.3	0	0	0	0	0	0	0	7.72	0	0	0	0	0	0	0	0
0	0	0	0	0	0	10.5	0	0	0	0	60.4	0	0	0	0	0	0	0	0	28.7	0	0	0	0
0	0	0	0	0	0	0	0	0	0	17	0	0	0	11.1	-31.9	0	0	0	0	0	49.1	0	0	0
0	0	0	0	0	0	0.326	0	0	0	0	0	0	0	-33.5	0	0	0	0	0	0	0	0	0	0
0	0	0	0	56.3	0	0	0	0	-3.61	0	0	0	0	0	72.6	0	-19.2	0	0	0	0	0	0	0
0	0	7.77	0	0	0	0	11.9	0	0	-52.8	0	0	65.5	0	0	0	0	0	0	0	0	0	0	0
0	0	0	0	0	0	-21.1	0	0	0	0	0	0	0	0	0	0	0	0	0	0	0	0	0	0
0	-43.7	0	0	0	0	0	0	25	0	0	0	0	0	0	0	0	0	-36.6	0	0	0	0	0	0
0	0	0	0	0	0	0	0	0	0	0	0	-22.7	0	0	0	0	0	0	0	0	0	0	0	0
0	0	0	-33.5	0	0	0	0	0	0	0	0	0	0	0	0	0	0	0	0	0	0	0	0	-39.6
-9.4	0	0	0	0	0	0	0	0	0	0	0	0	0	0	0	0	0	0	0	0	0	-70.6	0	0
0	0	0	0	0	0	0	-25.7	0	0	0	0	0	0	0	0	0	0	0	0	0	0	34.8	0	0
0	0	-23.4	0	0	0	0	0	0	-29.6	-41	0	0	0	0	0	0	0	0	0	0	0	0	37.6	0
0	-64.5	0	0	0	0	0	0	0	0	-50.3	0	0	0	0	31.8	0	0	0	0	0	0	0	0	71.2
0	61.7	0	0	0	0	0	-19.4	0	-21.8	0	0	0	0	0	0	0	0	0	16	0	-11.4	0	0	0
0	0	0	0	-33.7	0	0	0	0	0	0	0	0	0	0	0	0	0	0	0	0	-2.61	0	0	0
0	0	0	0	0	0	0	0	0	0	0	0	0	0	-21.1	0	0	0	-42	0	0	0	0	0	0
0	0	0	0	0	0	0	0	0	0	0	0	0	0	0	-2.48	0	0	0	0	0	0	0	0	0
0	52.4	0	0	0	0	0	0	0	0	0	0	0	0	0	0	0	0	0	0	0	0	0	0	0
0	0	0	0	0	0	42.4	0	0	0	0	0	0	0	14.7	-56.8	0	0	0	0	0	0	0	0	0
0	0	0	0	0	0	0	0	0	0	0	0	0	73.5	-24.9	0	0	0	0	0	0	0	0	0	0
0	0	0	0	0	0	0	0	0	10.7	0	0	61.9	0	40.6	22.4	0	0	-45.6	0	0	5.82	0	0	0
0	29.4	15.8	0	0	-61.7	0	0	0	0	0	0	0	0	0	0	-12.8	0	0	0	0	0	0	0	0
0	0	0	0	0	0	0	0	0	0	0	0	0	0	0	0	0	0	0	0	0	50.1	0	0	0
0	0	0	0	0	0	0	0	0	-21.5	0	-71.8	0	0	0	0	0	0	0	0	0	0	0	0	0
0	0	0	0	0	0	-26.8	0	0	0	0	0	0	0	0	0	0	0	0	0	0	0	0	71.7	0
0	0	0	0	9.57	0	0	0	0	71.8	23.9	0	0	0	0	0	0	0	16.3	0	61.3	0	0	-27.9	54.3
0	0	0	0	0	0	0	0	0	0	0	0	0	0	0	0	0	0	0	0	39.1	0	0	0	0
0	0	0	0	0	0	0	0	-52.9	0	0	0	0	0	0	0	0	0	0	0	0	0	0	0	0
0	0	0	0	0	0	0	0	0	0	0	50.1	0	0	0	0	0	0	0	0	0	0	0	0	0
0	0	71.6	0	0	0	0	0	0	0	0	0	0	0	0	0	0	0	0	0	0	0	0	0	0
0	0	0	0	0	0	0	0	19.1	0	-0.273	0	0	0	0	0	0	0	-25	10.6	0	0	0	0	0
-7.26	0	0	0	0	0	0	-73.4	0	30.5	0	0	0	0	0	0	0	0	0	0	0	0	0	0	0
0	0	0	0	-31.9	0	0	0	0	0	60.5	0	0	0	-63.2	0	0	0	0	42.2	0	0	0	0	0
0	49.6	0	0	0	0	0	0	0	-47.3	0	0	0	0	0	0	0	0	-15.6	0	0	0	0	0	0
0	0	0	0	0	0	0	0	0	0	0	0	0	0	0	0	0	0	44.1	0	0	0	0	0	0
0	0	0	0	0	0	0	0	0	0	0	46	0	0	0	7.11	0	0	0	0	0	0	0	0	0
0	0	0	0	0	0	0	0	0	0	0	0	0	0	-65	0	-71.6	0	0	-67.8	0	0	0	0	0
1.66	0	0	0	0	0	0	54.4	0	0	0	0	0	0	0	0	0	0	0	0	0	0	0	0	0
0	-52.1	0	0	0	0	0	0	0	0	0	0	0	0	0	0	0	0	0	0	0	0	0	0	0
0	0	0	0	-31.8	0	0	0	0	0	0	0	0	0	0	0	-52.4	0	0	0	63.8	0	0	0	-5.49
15.9	0	0	0	0	0	0	0	0	0	0	0	0	0	0	0	0	0	-37.8	13.5	0	0	0	0	-6.37
0	0	0	0	0	0	0	17	0	0	0	0	0	0	0	0	-46.9	0	0	0	0	0	0	0	0
34.5	0	0	0	-30	0	0	7.99	0	0	0	0	0	0	0	0	0	0	0	0	0	0	0	0	0
0	0	0	0	0	0	0	0	0	0	0	0	0	0	0	-24.5	0	-48.8	0	0	0	-64.8	0	0	0
0	0	0	51	0	0	0	2.87	0	0	0	0	0	0	0	0	0	0	0	-14	0	0	0	-46.4	0
0	0	0	0	0	0	0	0	0	0	0	0	0	0	0	-72.3	0	26.7	-48.5	0	0	0	0	29.4	0
0	0	0	0	0	0	0	0	0	0	0	-32.3	0	0	0	0	0	4.51	-31.2	0	0	0	-13.9	0	0
0	0	0	0	0	0	0	0	0	0	0	0	0	0	0	0	0	0	0	0	0	0	0	0	0
0	-52.2	0	0	0	0	0	0	0	42	0	0	0	0	0	0	0	-30.4	0	69.4	0	0	0	0	0
0	0	0	0	0	0	0	0	0	0	0	-59.6	0	0	0	0	0	0	0	0	0	67.4	-1.34	0	23.2
0	0	0	0	0	0	0	0	0	0	0	0	0	0	0	0	0	49.4	0	0	0	0	0	63.9	-5.3
0	0	0	0	0	0	0	0	0	0	61.8	0	0	0	0	0	0	0	0	0	0	0	0	0	0
0	0	0	0	0	0	0	-63	0	0	0	11.3	0	0	0	0	0	0	0	0	0	0	0	0	-14.7
0	-63	0	0	-29.8	0	0	52	0	0	0	0	0	0	0	0	33.8	0	0	0	0	0	0	0	0
0	0	0	0	0	0	0	0	0	0	-15.3	54.4	55.5	0	0	0	0	0	0	0	-0.929	0	0	0	-13.5
0	0	0	-50.6	0	0	0	0	0	0	0	0	-25.8	0	0	0	0	0	0	0	0	0	0	0	0
52.4	0	0	0	0	6.64	0	0	-38.4	0	0	0	0	0	0	0	-50.1	0	0	0	0	0	0	0	0
0	0	0	0	0	0	0	0	0	0	0	0	0	0	0	0	0	0	0	0	0	0	0	0	0
0	0	0	0	0	0	0	0	0	0	0	34.6	0	0	0	0	0	0	0	0	0	0	0	0	0
0	0	0	0	0	0	17.5	0	5.42	-18.9	0	0	0	0	0	0	0	0	0	0	0	57	0	0	0
0	0	0	0	0	0	0	0	0	0	0	0	0	0	0	0	0	0	0	0	0	0	0	0	0
0	0	0	0	0	0	0	0	0	0	0	0	0	0	0	0	0	0	0	0	0	0	0	-9.66	0
0	0	0	0	6.94	66.2	0	0	0	0	0	0	0	0	0	0	0	0	0	0	0	0	0	0	0
0	0	0	0	0	0	0	0	0	0	0	0	0	0	0	0	0	-5	-16.7	0	0	0	0	0	0
0	0	0	0	0	0	0	0	0	0	0	0	0	3.01	0	0	0	0	0	-16.2	0	0	0	0	0
0	0	0	0	0	0	0	0	0	0	0	7.71	0	0	63.9	48.7	0	-43.6	0	0	0	0	0	0	0
0	0	0	0	0	0	0	-38.8	0	0	-43.5	0	0	0	0	0	0	0	0	0	0	0	0	0	45.9
0	0	0	0	0	0	0	0	0	0	0	0	0	0	0	0	0	0	0	0	0	16	0	0	0
0	0	0	0	-73.9	0	0	0	0	0	0	-3.13	0	0	0	0	0	0	0	0	0	0	0	0	-13.1
0	0	0	0	0	0	0	0	0	0	0	0	0	0	0	0	0	0	0	0	0	0	0	0	0
0	0	0	58.8	0	0	0	0	0	0	0	0	0	0	0	0	0	0	0	0	0	35.3	0	0	0
0	0	0	0	0	0	0	0	0	0	0	71.4	0	0	0	0	0	0	0	0	0	0	37	-29.2	-50.9
0	0	0	29.7	-13.7	0	0	0	0	0	0	0	0	0	0	0	0	0	0	0	0	-43.8	0	0	0
0	0	0	0	0	0	0	0	0	0	0	0	0	-4.53	1.62	0	42.2	0	-4.82	0	0	0	0	0	0
0	0	0	0	0	0	67.4	0	0	46.1	0	0	0	0	0	0	0	0	0	0	0	0	0	0	0
0	0	-50.1	0	0	0	0	0	55.3	0	8.39	0	0	0	0	0	0	0	0	0	0	0	0	0	44.8
0	0	0	0	0	0	0	0	0	0	0	0	0	0	0	0	0	0	0	-0.646	0	0	0	11.7	0
0	0	0	0	0	0	-49.5	0	0	0	0	0	0	0	0	0	-8.76	0	0	0	0	0	0	45.9	0
0	0	0	0	0	0	0	0	0	0	0	0	0	0	0	0	0	0	0	0	0	0	0	0	0
0	0	0	0	0	0	0	0	-58.3	0	0	0	0	0	0	0	-72.5	0	36.8	0	0	0	0	0	0
0	0	0	0	0	0	0	0	0	0	0	0	0	0	0	0	0	0	0	0	0	0	0	0	0
-52.4	0	0	0	0	0	0	0	0	0	0	0	0	0	0	0	0	0	0	0	-34.6	0	0	0	0
0	51.8	0	0	0	0	0	0	0	0	0	36.3	0	0	0	0	0	0	0	-65.3	0	18.8	-55.9	0	0
0	0	-34	0	0	0	0	0	0	26.5	0	0	0	0	0	0	0	0	0	0	0	0	0	0	0
0	0	0	0	0	0	0	0	0	0	0	0	0	0	0	0	0	0	0	0	0	0	0	10.3	0
0	0	0	0	0	0	-20.9	-51	-73.8	0	0	0	0	0	0	44.5	0	0	0	0	0.115	0	29.5	0	0
0	0	43.3	0	0	0	0	0	0	0	0	0	0	0	0	0	0	0	0	0	0	0	0	0	0
0	0	0	0	0	0	40.7	0	24.5	54.2	0	0	0	0	0	0	24.5	0	0	0	0	0	0	0	0
0	0	0	0	0	0	0	0	0	0	0	0	0	0	0	0	0	0	0	0	0	-51.6	-31	0	0
0	0	0	0	0	0	0	0	0	0	0	0	0	0	0	0	56.7	60.6	0	0	0	0	0	0	0
-50.4	0	19.8	0	0	-20.5	0	0	0	0	0	0	0	0	0	0	0	0	0	0	0	0	52.2	0	0
0	0	0	0	0	0	0	0	0	0	0	0	0	0	0	0	0	0	0	0	0	0	0	0	0
0	0	0	0	0	-61.9	0	0	-15	0	0	0	0	0	0	0	40.2	0	0	-69.3	0	0	0	0	-36.3
0	0	0	0	0	53.9	0	-11.4	0	0	0	0	0	0	0	0	0	0	0	0	0	0	0	0	0
0	0	0	0.42	18.3	0	0	0	0	0	0	0	32.1	0	22.4	0	0	0	0	0	0	0	0	0	0
0	0	0	0	0	0	64.8	0	0	0	0	0	0	-39	0	-55.4	0	0	0	0	0	0	0	0	0
0	0	0	0	0	59.4	0	0	0	0	0	0	0	0	0	0	0	0	0	0	0	0	0	0	0
0	0	0	0	0	0	0	11.1	0	0	0	0	0	-34.6	0	0	0	0	0	-2.52	0	0	0	0	0
-57.2	0	0	0	0	-53.7	0	50	53.7	0	0	0	0	0	42.9	0	0	0	0	0	0	0	0	0	-48
0	-7.02	-46.6	0	0	0	-57.6	0	0	0	0	-12	0	0	0	0	0	0	0	0	0	0	0	0	0
0	0	0	0	32.1	0	0	0	0	0	-2.61	0	0	-73.2	13.4	0	0	0	-66.3	0	0	0	0	0	0
-17.1	0	0	0	69.4	0	-34.9	0	0	0	0	56.6	0	0	0	0	0	0	0	0	0	0	0	-7.18	-66.7
0	0	0	0	0	0	0	0	0	0	0	0	0	0	0	0	0	0	0	0	0	0	0	0	0
0	0	0	0	0	0	0	0	0	50	0	0	0	0	0	0	0	0	0	-13.3	0	0	0	0	0
0	0	0	0	0	0	0	0	0	0	0	0	0	0	0	0	0	0	0	0	0	0	35.6	0	28.8
0	0	0	10.7	0	0	0	0	0	0	0	0	0	0	0	0	0	0	0	0	29.6	0	0	0	0
0	0	0	0	0	0	0	0	0	0	0	-72.4	0	0	0	0	0	-18.4	0	0	0	0	0	0	0
0	0	0	0	0	0	0	0	0	0	0	-35.9	0	0	-18.1	0	0	0	0	0	0	0	0	20	0
0	0	0	0	0	-22.1	0	0	0	0	0	0	0	0	0	0	0	0	0	0	0	0	0	0	0
41.2	0	0	-64.3	0	0	0	0	0	28.5	0	3.89	0	0	0	0	0	0	0	0	0	-59.5	0	0	0
0	0	0	0	0	0	0	0	0	0	0	0	0	0	0	0	0	65	0	0	-45.1	-39.5	0	0	0
0	0	-58.5	0	0	0	0	-34.4	0	0	0	0	0	0	0	0	0	8.36	0	0	-24	-67.4	0	0	0
0	0	0	0	0	0	0	0	-16.8	0	0	-17	0	0	0	0	0	0	0	0	0	0	0	0	0
0	0	0	0	0	0	0	0	0	0	0	0	0	0	0	0	-53.4	0	0	0	0	0	0	0	0
0	0	0	43	0	0	0	0	9.72	0	0	0	0	0	-66.9	0	0	0	0	0	0	0	0	0	0
0	0	0	0	48.8	-8.55	0	0	0	0	0	0	0	0	0	0	0	0	0	0	0	56.5	0	0	0
0	0	0	0	0	0	0	0	0	0	0	0	0	0	0	0	0	0	0	-31.2	0	0	0	0	0
60	0	0	0	0	0	0	0	0	0	0	0	0	0	0	0	-0.399	0	0	0	0	0	0	20.6	0
0	0	0	0	0	0	0	0	0	0	0	0	-42	0	0	0	0	0	0	0	0	0	0	0	0
0	0	0	0	0	0	0	0	0	0	0	0	0	0	0	0	0	0	0	0	0	0	-8.27	0	0
0	0	0	0	0	0	0	0	0	0	0	0	0	0	0	0	-26.2	0	0	0	0	0	0	41.7	0
-33.7	0	0	0	0	0	0	0	0	0	0	0	0	0	0	0	0	0	0	0	0	0	28.9	0	0
0	0	0	-46.7	0	0	0	0	0	0	0	-54.2	0	0	0	0	0	0	0	0	0	0	66	0	0
0	0	-47.6	0	0	-52.5	0	0	0	0	0	0	0	0	-45.7	0	0	0	0	0	0	0	0	0	0
0	0	0	-59.8	23.7	0	0	0	0	0	0	0	0	0	0	46.6	0	0	0	0	5.61	-22.9	0	-1.41	0
0	0	0	0	0	0	0	0	0	69.1	0	0	0	0	0	0	0	0	0	0	0	0	0	0	0
0	0	0	0	0	0	0	0	0	0	0	0	0	0	0	0	0	6.07	0	0	0	0	0	0	0
0	0	0	0	0	0	0	0	0	0	3.55	0	0	0	0	45.1	0	0	0	0	0	0	0	0	0
0	0	0	0	0	0	0	0	0	0	0	0	0	-19.4	-23.6	0	0	0	0	0	0	0	0	0	0
0	0	0	0	0	0	0	0	0	0	0	0	0	0	0	0	0	0	17.5	0	0	0	0	0	0
0	0	0	0	0	0	0	0	0	0	0	0	0	10.1	0	0	0	0	0	0	0	0	0	0	0
0	0	0	0	0	0	0	0	0	0	35.2	-47.9	0	0	0	0	0	0	0	0	53.3	0	0	0	0
0	0	0	0	0	0	0	0	0	0	0	0	0	0	0	0	0	-58.5	0	0	0	0	0	0	0
0	0	0	0	0	0	0	0	0	0	0	0	0	0	0	0	0	0	0	0	0	0	0	0	0
0	0	0	0	0	0	0	0	0	0	0	-69.7	0	0	0	0	0	0	0	0	64.9	0	0	0	0
0	0	51	0	28.9	0	0	0	0	0	0	0	0	0	0	0	0	0	0	0	0	0	0	0	0
0	0	0	0	0	0	0	0	0	0	17.5	0	-44.5	0	0	0	0	0	0	0	0	0	0	39.6	0
0	0	0	0	0	0	0	0	0	0	0	0	0	0	0	0	0	0	0	0	0	0	0	0	0
0	-7.25	48.4	0	0	-32.8	0	0	0	0	0	0	0	0	0	0	0	0	12.8	0	0	-73.5	0	0	0
0	0	0	0	0	0	0	0	-63	0	0	44.3	0	0	0	0	0	0	0	0	0	0	0	0	0
0	0	0	0	0	0	0	0	0	0	0	0	0	68.9	0	0	0	0	0	0	0	0	0	0	0
0	0	0	70.4	0	0	0	0	0	0	0	0	0	-28.9	0	1.81	0	0	0	0	0	0	0	0	0
0	0	0	0	-4.55	0	0	0	0	0	0	0	0	0	0	0	64.9	0	0	0	0	0	0	0	0
-45.2	0	0	0	0	0	0	0	0	0	0	0	0	5.43	0	0	0	0	0	0	0	0	0	0	0
-12.7	0	0	0	0	0	0	0	15.2	0	0	0	0	0	0	0	0	0	0	44.1	0	0	0	0	0
0	0	0	0	0	0	0	0	0	-44.1	0	0	0	0	0	0	0	0	0	0	0	0	0	0	0
0	0	0	0	0	0	0	0	0	0	0	0	0	0	14.4	0	-43.3	0	0	0	-27.2	0	0	0	0
0	0	0	0	0	0	0	0	0	0	0	0	0	0	0	0	0	0	0	0	0	0	0	0	0
0	0	0	0	0	0	0	0	0	0	0	0	0	0	0	0	0	0	0	0	0	0	0	0	0
0	0	0	0	0	0	0	0	0	0	0	62.7	0	0	38.1	0	0	0	0	0	0	0	0	0	64.9
0	0	0	0	0	-11.9	40.3	0	0	0	0	0	0	0	0	0	0	0	0	0	0	0	50.8	48.4	0
52.6	0	0	0	0	0	0	0	0	0	0	0	0	0	0	0	0	-9.06	0	0	0	0	10.2	0	0
0	-10.1	0	-44.7	7.83	0	0	0	0	-50.7	0	0	0	0	0	0	0	0	0	0	0	0	0	0	0
0	0	0	0	-11.8	0	0	0	0	0	0	0	0	0	0	0	0	0	0	0	0	0	0	-52.8	0
0	0	0	0	0	0	0	0	0	0	0	0	0	0	0	0	0	0	0	0	0	0	0	0	0
0	0	0	0	0	0	70.1	0	0	0	0	0	0	0	0	0	0	0	6.8	0	0	0	0	0	0
0	-13.4	0	0	0	0	0	-16.8	0	0	0	0	0	0	-16	0	0	0	0	0	0	0	0	0	0
0	0	0	0	0	0	6.22	0	0	0	0	63	0	0	0	0	-8.82	0	0	0	0	-12.9	0	0	0
0	0	0	0	0	0	0	0	0	0	0	0	0	0	0	0	0	0	0	0	0	0	0	0	0
0	0	0	0	0	0	0	0	0	0	0	0	0	0	0	0	0	0	0	0	0	0	0	0	0
47.9	0	0	0	0	0	0	0	0	0	0	-28.5	0	0	0	63.9	0	0	-60.1	4.06	0	0	0	0	0
0	0	0	0	0	0	0	0	0	0	0	0	0	0	0	0	0	0	-72.5	0	0	0	0	0	0
0	23.6	0	0	0	0	0	0	0	0	0	0	0	0	0	0	0	0	0	0	0	0	0	0	0
0	0	0	0	0	0	0	0	0	0	0	0	0	0	0	0	0	0	0	0	0	0	0	5.29	0
0	0	0	0	0	0	53.8	0	0	0	0	0	0	0	0	0	0	0	0	0	28.5	62.6	0	0	0
0	0	0	0	0	0	0	-5.82	0	0	0	0	-27.7	0	0	0	0	0	0	0	0	0	0	0	0
0	-68.9	0	0	0	0	0	0	46.4	0	0	0	0	0	0	0	0	0	0	0	0	0	0	0	0
0	0	0	0	0	0	0	0	0	0	0	0	0	0	-4.1	0	0	0	0	0	-22.6	0	0	0	0
0	0	0	0	0	0	0	0	0	0	18	0	0	0	0	0	0	0	0	0	0	0	-44.3	0	0
0	0	0	0	0	0	0	0	0	55.8	0	0	0	0	-35.1	0	0	0	0	0	0	0	-47	-49.7	0
0	0	0	0	0	0	0	-29.3	0	0	0	0	0	0	0	0	0	0	0	0	0	0	67.8	0	0
0	72.5	0	0	0	-49.4	-72	0	0	0	0	0	0	0	-47.3	0	0	0	43.7	0	0	0	0	0	0
0	0	0	0	0	58.4	0	0	0	0	0	0	11.2	0	0	0	0	0	0	0	0	0	0	0	0
0	0	0	0	0	0	0	0	0	0	0	0	0	0	-40.6	0	0	65.3	-0.965	0	0	0	0	0	0
0	0	0	0	0	0	0	0	0	0	0	0	0	0	0	0	0	0	0	0	0	0	0	0	0
0	0	0	0	0	0	0	0	0	-57.1	0	50.7	0	0	0	0	0	0	0	0	0	0	0	0	0
0	0	0	0	0	0	0	0	0	0	-15.8	10.8	0	-17.6	0	0	-33.9	0	0	0	0	0	0	0	37.3
0	0	0	-67	0	0	0	0	0	0	-24	0	0	0	0	0	0	0	0	0	0	-62.6	0	0	0
0	0	0	0	0	0	0	0	0	0	5.92	0	0	0	0	0	0	0	0	0	0	0	73.1	0	0
0	0	0	0	0	-4.39	0	0	-70.1	0	0	0	0	0	0	0	0	0	0	0	0	0	0	0	0
0	0	0	0	0	0	0	0	0	-6.53	0	0	0	0	0	0	0	51.2	0	0	-42.6	0	0	0	0
0	0	0	-12.8	39.2	0	0	0	0	0	0	0	0	0	0	0	0	0	0	0	0	0	0	0	0
0	0	0	0	0	0	0	0	0	0	0	0	0	0	0	0	0	55.8	0	0	0	0	0	0	0
60.7	0	0	0	0	0	0	0	0	0	0	0	0	0	0	0	0	0	0	0	0	0	0	0	0
0	0	0	0	0	0	0	65.2	0	0	0	0	0	0	0	0	0	-18.6	0	0	0	0	0	0	0
0	0	0	0	0	0	0	0	1.08	0	-35.4	0	0	0	0	0	0	0	0	0	-66	0	0	0	0
0	-26.3	-1.69	0	4.83	0	51.9	0	0	0	0	42.8	0	0	0	0	36.5	0	0	0	0	0	0	0	0
0	0	0	0	0	0	41.3	0	0	0	0	0	0	0	0	0	0	0	0	0	0	0	0	0	0
0	0	0	0	0	-58.2	0	0	51.3	0	-11.6	0	0	0	0	0	0	0	0	0	0	0	0	0	31.2
0	0	0	0	0	0	0	41.4	0	0	0	0	0	0	0	0	0	7.06	0	0	0	-41.9	0	0	0
0	0	0	0	0	0	0	0	0	0	0	0	0	0	-17.4	0	0	0	0	0	0	-37.7	0	0	0
0	0	72.6	0	0	0	0	0	0	0	0	0	0	0	64.6	0	0	0	0	0	0	0	0	0	0
0	0	72.6	4.02	0	0	-40.7	0	0	0	0	0	0	0	0	0	0	0	0	0	0	0	0	-30.9	0
0	-25.2	0	0	0	53.4	0	0	0	0	0	0	0	0	0	0	0	0	0	0	0	0	0	0	0
0	0	0	0	0	0	0	0	0	65.3	28.8	0	0	0	0	0	0	-40.4	0	0	0	0	0	0	0
0	0	0	0	0	0	0	0	0	0	0	0	0	0	0	0	0	0	0	0	0	0	0	0	0
0	0	0	0	0	0	0	0	0	0	0	-23.9	0	0	0	0	0	0	0	0	0	0	0	0	0
0	0	0	0	0	0	-45.1	0	0	0	0	0	0	0	0	0	-65.5	0	0	33.9	0	0	0	0	0
0	0	0	0	0	-72.2	0	0	0	0	0	0	0	0	0	0	0	0	0	0	0	0	0	0	0
0	0	0	0	0	0	0	0	0	0	0	0	0	0	-14.3	0	0	0	44	0	0	0	0	0	0
0	0	0	0	0	0	0	0	-5.53	0	0	0	0	0	0	0	0	0	53.5	0	0	46.8	0	0	0
0	0	0	0	0	0	0	0	0	0	37.7	0	63	0	-29.1	0	0	0	0	0	9.53	0	0	0	0
0	0	0	-35.1	0	0	0	0	0	43	0	0	0	0	0	-64.4	0	0	0	0	0	0	0	0	0
0	0	0	0	0	0	0	0	0	-6.73	0	0	0	0	0	0	0	0	0	0	0	0	0	0	0
0	0	0	0	0	0	0	0	0	0	0	0	0	0	0	0	0	0	0	0	0	0	-65.8	0	0
0	0	0	29	0	0	0	0	0	-35.3	0	0	0	0	0	0	0	0	0	0	0	0	0	0	0
0	0	0	0	0	0	0	0	0	0	-54.3	0	0	0	0	0	0	0	0	0	0	0	0	0	0
0	-16.7	0	-44.7	0	0	0	0	0	0	0	0	0	0	0	0	0	0	0	0	0	0	0	0	0
0	0	0	0	0	0	0	0	0	0	0	0	0	0	0	0	0	0	0	0	0	0	0	0	0
0	0	0	0	-3.98	0	59.9	-8.19	0	0	0	0	0	0	0	0	23.3	63.1	0	-62.8	0	0	0	0	0
0	0	0	0	0	0	0	0	0	0	0	0	0	0	0	0	-3.34	0	0	0	0	0	0	0	0
0	0	0	0	0	0	10.4	0	0	0	0	0	0	0	0	0	0	0	0	0	0	0	0	0	0
0	0	0	0	0	0	0	0	0	23.1	0	0	0	0	0	0	0	0	0	0	0	0	44.3	0	0
0	15.9	0	0	0	0	0	0	0	0	0	0	0	0	0	0	0	0	0	0	0	0	0	0	0
0	0	0	0	0	0	0	0	69.2	0	-23.6	0	0	0	0	0	0	29	-42.7	0	0	0	0	0	-13.7
0	0	0	0	0	0	0	0	0	0	0	0	0	-58.5	0	0	0	0	0	0	0	0	0	0	0
0	0	0	0	0	0	0	41.3	0	0	0	0	0	0	0	0	0	0	0	19.3	30.2	0	0	0	0
0	0	0	0	0	0	0	0	0	0	0	0	0	0	0	0	-28.1	0	0	0	0	0	0	0	0
0	0	0	0	0	0	0	0	0	0	0	0	0	0	0	0	0	0	0	0	0	0	0	-63.8	0
0	-38.4	0	0	0	0	0	0	0	0	0	0	0	0	0	-35.7	0	0	0	0	55.1	0	0	0	0
0	0	0	0	0	0	0	0	0	0	0	0	0	0	0	0	0	67.8	0	0	0	0	0	72.4	0
67.3	0	0	0	0	0	0	0	0	-45.2	0	-22.9	0	0	0	0	0	0	0	0	0	-68.5	0	0	40.1
0	0	0	0	0	0	0	0	0	0	0	0	0	0	0	0	0.469	0	0	0	0	0	0	50	0
0	0	0	0	38.5	0	0	0	-16.2	0	0	0	-26.6	0	0	0	0	17.3	0	0	0	0	0	0	0
0	0	0	0	0	0	0	0	44.3	-8.35	0	59.8	0	0	0	0	0	0	0	0	0	0	0	0	0
0	0	0	0	0	0	0	0	0	0	0	0	0	0	0	0	0	0	0	0	0	0	0	-52	0
0	0	0	0	0	0	0	24.5	0	0	0	0	0	-15.1	0	0	0	0	0	0	0	0	0	0	0
0	0	-69.3	30.4	0	0	0	0	0	0	0	0	0	39	0	0	0	0	0	0	0	0	0	8.15	0
0	0	0	0	0	28.1	0	2.73	0	0	0	0	0	0	0	0	0	0	0	0	0	0	0	0	0
0	0	0	0	0	0	0	0	61.1	0	0	0	-61.8	0	0	0	0	0	0	22.8	0	0	0	0	0
0	0	0	0	0	0	0	0	0	0	0	0	0	0	0	0	0	0	0	0	0	0	22.8	0	14.5
0	0	0	0	0	0	-29.9	0	0	0	0	0	0	0	0	0	32	0	0	0	0	0	39.6	0	0
0	0	0	0	0	0	-72.8	0	0	0	-34.4	0	0	0	0	0	0	0	0	0	0	0	0	0	0
0	60.6	0	0	0	0	0	0	0	0	0	0	0	0	0	0	0	0	0	0	0	0	0	0	0
0	0	0	0	0	0	0	-60.2	-13	0	0	-17.4	0	0	0	0	-66.2	0	0	0	70.4	0	0	0	0
0	0	0	0	0	0	0	0	24.6	0	0	0	0	0	0	0	0	0	0	0	0	0	0	0	0
0	0	0	0	0	0	0	0	0	-8.95	0	0	0	0	0	0	0	0	0	55	0	0	0	0	0
0	0	0	0	0	7.39	0	0	0	0	0	0	0	0	0	0	69.8	0	0	0	0	0	0	0	0
0	0	0	0	0	0	0	0	0	68.2	0	0	0	0	0	0	0	0	0	0	0	0	0	0	42.8
0	0	-55.8	0	-4.87	0	0	0	0	0	14.4	0	0	-73.8	0	0	0	0	0	0	0	0	0	41.8	0
0	0	0	0	0	43.8	0	0	0	0	0	0	0	0	0	0	0	0	0	0	0	-67.3	32.4	-24.7	0
0	0	0	-65.7	0	-23.7	0	0	20.7	-19.1	5.25	0	0	59.2	0	0	0	0	0	0	0	0	0	0	0
23.4	0	0	0	0	0	0	0	0	0	0	0	0	0	6.89	0	0	0	0	0	0	0	0	0	0
0	0	0	0	0	0	0	0	0	0	0	0	0	0	0	0	0	0	0	0	0	0	0	0	1.73
0	-11.6	0	0	0	0	0	0	0	0	55.2	0	0	0	0	-38.8	0	0	0	0	0	0	0	0	0
0	8.11	0	0	0	0	0	0	19.7	0	0	0	0	0	0	0	0	0	0	0	17.1	0	0	0	0
0	0	0	0	0	0	0	0	0	0	0	0	51.4	0	0	0	0	0	0	0	0	0	0	0	0
0	0	64.3	0	0	0	0	0	0	0	0	36.6	0	0	0	0	0	0	0	0	0	0	0	0	0
0	-64.7	0	0	0	0	0	0	-33.9	0	0	0	0	0	0	0	2.99	-39.5	0	0	0	0	0	0	-39.8
0	0	0	0	0	0	23.8	0	0	0	0	0	0	0	0	-24.3	-3.12	0	0	0	0	21.7	0	0	0
0	0	0	0	0	0	0	0	0	0	0	0	0	0	0	0	42.2	0	0	0	0	0	0	0	0
-20.6	0	0	7.62	0	0	0	0	50.9	0	0	0	0	0	-69.3	0	0	0	39.3	0	0	0	0	0	0
0	0	0	0	44.9	0	0	0	0	0	0	0	0	0	0	0	0	0	0	0	0	0	21.1	-46.9	0
0	0	0	0	0	0	0	0	0	0	0	0	0	0	0	0	0	0	0	0	0	0	25	-61.3	0
0	0	-6.57	0	0	-41.1	0	0	-34.9	0	0	0	0	0	0	0	0	0	0	0	0	0	0	0	-9.23
0	0	0	0	0	0	0	0	0	0	0	0	0	0	0	0	0	0	0	0	0	0	0	0	-31.3
0	0	-35.5	0	-23.6	0	0	0	0	0	0	0	0	0	0	0	0	0	0	0	0	0	0	0	0
0	0	0	0	0	0	0	0	0	0	0	0	0	0	0	0	0	0	0	-13.5	0	0	0	-70	0
0	0	0	0	0	0	0	0	0	0	0	0	0	0	0	0	-34.3	-62.1	0	0	-7.17	0	0	0	0
62.3	0	0	38.1	43.8	0	0	0	0	0	-44.5	0	0	0	0	0	0	0	0	0	0	0	0	0	0
0	0	0	0	0	0	0	0	0	0	0	0	0	0	0	0	0	0	0	0	0	0	0	0	0
0	0	0	0	0	0	0	0	0	0	0	0	0	0	0	0	0	-42.4	0	0	0	0	0	0	0
0	0	0	0	0	0	0	0	0	0	0	0	0	0	0	0	0	0	0	0	0	0	0	0	0
0	0	0	0	0	0	0	0	0	0	0	0	0	0	0	0	-62.6	0	0	0	0	0	0	0	0
0	0	0	-17.7	0	0	6.92	0	0	0	0	0	-3.65	0	0	0	0	0	0	0	-3.36	0	0	0	0
0	21.4	0	-60.1	-1.82	0	0	0	-61.4	0	0	0	0	0	0	-41.8	0	0	0	0	0	0	0	61.7	0
0	0	66.2	0	0	0	-14.5	0	0	0	0	0	0	48.9	-44.8	0	0	0	0	0	0	0	0	9.34	0
-7.8	0	0	0	0	13.5	0	-65.1	0	0	-34.3	0	0	0	0	0	-8.71	0	0	0	0	0	0	0	-20.6
0	0	0	0	-51.9	0	0	0	0	0	0	0	0	0	0	0	0	0	0	0	0	-41.7	0	0	0
0	0	0	0	0	0	0	0	-56.9	66.1	0	0	0	0	0	0	0	0	0	0	0	0	0	0	0
0	0	0	0	0	0	0	0	-69.4	0	0	0	0	0	0	0	0	0	-18.4	0	0	0	0	0	0
0	0	0	0	0	0	0	0	0	0	0	0	0	0	0	0	0	0	0	0	0	0	0	0	0
0	0	-50.6	-67.7	0	0	0	0	0	0	0	0	-46.6	-65.6	0	0	0	0	0	0	36.3	0	0	0	0
0	-17.5	0	0	-63.5	0	0	0	0	0	0	0	0	0	0	0	0	9.22	0	0	65.3	0	0	0	-41.9
0	0	0	0	0	0	0	0	0	0	0	0	0	0	0	0	0	0	0	0	0	0	0	0	0
0	0	0	0	0	0	0	0	0	0	0	0	0	0	0	0	0	0	0	0	0	0	0	0	0
0	0	-20	0	0	0	39.1	0	0	0	0	0	0	0	0	0	0	0	0	0	-23.6	0	0	0	0
0	54.5	72.2	0	0	0	0	0	0	0	0	0	-11.5	36.9	0	0	0	0	0	0	-19.3	0	0	0	0
0	0	0	0	0	0	0	0	-0.172	0	0	0	0	0	0	0	0	0	0	0	0	0	0	0	0
0	0	0	0	0	0	0	0	0	0	0	0	-34.8	0	0	0	0	0	0	0	0	0	0	0	0
0	0	0	0	0	0	0	0	0	0	0	0	0	0	0	0	0	0	0	0	0	0	0	0	0
0	0	0	0	0	0	0	0	0	0	0	0	0	0	0	0	0	0	0	0	0	0	0	0	0
0	0	0	0	0	0	0	0	0	0	9	0	0	0	0	0	0	0	0	0	0	0	0	0	0
0	0	0	0	0	0	0	0	0	0	0	0	0	0	0	0	0	0	0	0	0	0	0	0	0
0	0	0	0	0	0	0	0	0	0	0	0	0	0	0	0	0	0	0	0	0	0	0	0	0
